4;0.0220884
4;6;0.00401606
4;11;0.00669344
4;11;11;0.00267738
4;296;0.00267738
6;0.0314592
6;8;0.0113788
6;8;8;0.00535475
6;8;8;8;0.00267738
6;8;8;311;0.00334672
6;8;8;313;0.00267738
6;8;291;0.00267738
6;8;311;0.00535475
6;8;311;8;0.00267738
6;8;311;313;0.00334672
6;8;311;378;0.00267738
6;8;313;0.00870147
6;8;313;291;0.00267738
6;8;313;378;0.00267738
6;8;378;0.00669344
6;8;378;8;0.00334672
6;8;378;8;313;0.00267738
6;8;378;311;0.00267738
6;8;378;313;0.00334672
6;11;0.00401606
6;11;291;0.00267738
6;11;313;0.00267738
6;11;313;291;0.00267738
6;11;378;0.00267738
6;291;0.00468541
6;311;0.0107095
6;311;8;0.00870147
6;311;8;8;0.00468541
6;311;8;8;313;0.00267738
6;311;8;311;0.00401606
6;311;8;311;8;0.00267738
6;311;8;311;313;0.00334672
6;311;8;313;0.00803213
6;311;8;378;0.00535475
6;311;8;378;8;0.00334672
6;311;8;378;8;313;0.00267738
6;311;8;378;311;0.00267738
6;311;8;378;313;0.00334672
6;311;291;0.00267738
6;311;311;0.00468541
6;311;311;8;0.00267738
6;311;311;313;0.00334672
6;311;313;0.00870147
6;311;313;8;0.00267738
6;311;313;8;8;0.00267738
6;311;313;8;311;0.00267738
6;311;313;8;311;313;0.00267738
6;311;313;8;313;0.00267738
6;311;313;8;378;0.00267738
6;311;313;291;0.00267738
6;311;313;311;0.00334672
6;311;313;311;313;0.00334672
6;311;313;313;0.00334672
6;311;313;378;0.00334672
6;311;313;518;0.00267738
6;311;313;518;291;0.00267738
6;311;343;0.00267738
6;311;343;291;0.00267738
6;311;343;313;0.00267738
6;311;343;313;291;0.00267738
6;311;343;313;518;0.00267738
6;311;343;313;518;291;0.00267738
6;311;343;378;0.00267738
6;311;343;378;291;0.00267738
6;311;343;378;313;0.00267738
6;311;343;378;313;291;0.00267738
6;311;343;378;313;518;0.00267738
6;311;343;378;313;518;291;0.00267738
6;311;343;378;518;0.00267738
6;311;343;378;518;291;0.00267738
6;311;343;518;0.00267738
6;311;343;518;291;0.00267738
6;311;378;0.00870147
6;311;378;8;0.0060241
6;311;378;8;313;0.00535475
6;311;378;8;378;0.00267738
6;311;378;291;0.00267738
6;311;378;311;0.00267738
6;311;378;313;0.0060241
6;311;378;313;291;0.00267738
6;311;378;313;518;0.00267738
6;311;378;313;518;291;0.00267738
6;311;378;378;0.00267738
6;311;378;518;0.00267738
6;311;378;518;291;0.00267738
6;311;518;0.00267738
6;311;518;291;0.00267738
6;313;0.0113788
6;313;8;0.00468541
6;313;8;8;0.00401606
6;313;8;8;8;0.00267738
6;313;8;8;311;0.00267738
6;313;8;311;0.00468541
6;313;8;311;8;0.00267738
6;313;8;311;313;0.00267738
6;313;8;311;378;0.00267738
6;313;8;313;0.00267738
6;313;8;378;0.00401606
6;313;291;0.00334672
6;313;311;0.00535475
6;313;311;8;0.00267738
6;313;311;313;0.00334672
6;313;311;378;0.00267738
6;313;313;0.00401606
6;313;313;8;0.00267738
6;313;378;0.00535475
6;313;518;0.00267738
6;313;518;291;0.00267738
6;343;0.00401606
6;343;291;0.00267738
6;343;313;0.00267738
6;343;313;291;0.00267738
6;343;313;518;0.00267738
6;343;313;518;291;0.00267738
6;343;378;0.00267738
6;343;378;291;0.00267738
6;343;378;313;0.00267738
6;343;378;313;291;0.00267738
6;343;378;313;518;0.00267738
6;343;378;313;518;291;0.00267738
6;343;378;518;0.00267738
6;343;378;518;291;0.00267738
6;343;518;0.00267738
6;343;518;291;0.00267738
6;378;0.00937082
6;378;8;0.0060241
6;378;8;313;0.00535475
6;378;8;378;0.00267738
6;378;291;0.00267738
6;378;311;0.00267738
6;378;313;0.0060241
6;378;313;291;0.00267738
6;378;313;518;0.00267738
6;378;313;518;291;0.00267738
6;378;378;0.00267738
6;378;518;0.00267738
6;378;518;291;0.00267738
6;518;0.00267738
6;518;291;0.00267738
8;0.123159
8;4;0.00803213
8;4;11;0.00401606
8;4;296;0.00267738
8;8;0.0200803
8;8;8;0.00267738
8;8;291;0.00267738
8;8;311;0.00468541
8;8;313;0.00669344
8;8;378;0.00334672
8;11;0.0100402
8;11;8;0.00267738
8;11;11;0.00267738
8;11;296;0.00401606
8;11;296;296;0.00267738
8;11;355;0.00267738
8;11;405;0.00334672
8;286;0.00267738
8;290;0.00267738
8;290;291;0.00267738
8;291;0.0160643
8;291;291;0.00334672
8;296;0.00535475
8;296;296;0.00267738
8;311;0.0187416
8;311;8;0.00468541
8;311;8;378;0.00267738
8;311;291;0.00267738
8;311;313;0.00736278
8;311;313;8;0.00267738
8;311;378;0.00401606
8;313;0.0254351
8;313;8;0.00870147
8;313;291;0.00267738
8;313;313;0.00267738
8;313;378;0.00401606
8;343;0.00267738
8;355;0.00267738
8;378;0.0140562
8;378;8;0.00401606
8;378;8;313;0.00267738
8;378;311;0.00334672
8;378;313;0.00401606
8;378;378;0.00267738
8;405;0.00401606
8;553;0.00870147
8;585;0.00267738
10;0.00468541
11;0.107764
11;6;0.0247657
11;6;8;0.0107095
11;6;8;8;0.00535475
11;6;8;8;8;0.00267738
11;6;8;8;311;0.00334672
11;6;8;8;313;0.00267738
11;6;8;291;0.00267738
11;6;8;311;0.00535475
11;6;8;311;8;0.00267738
11;6;8;311;313;0.00334672
11;6;8;311;378;0.00267738
11;6;8;313;0.00870147
11;6;8;313;291;0.00267738
11;6;8;313;378;0.00267738
11;6;8;378;0.00669344
11;6;8;378;8;0.00334672
11;6;8;378;8;313;0.00267738
11;6;8;378;311;0.00267738
11;6;8;378;313;0.00334672
11;6;11;0.00401606
11;6;11;291;0.00267738
11;6;11;313;0.00267738
11;6;11;313;291;0.00267738
11;6;11;378;0.00267738
11;6;291;0.00468541
11;6;311;0.0107095
11;6;311;8;0.00870147
11;6;311;8;8;0.00468541
11;6;311;8;8;313;0.00267738
11;6;311;8;311;0.00401606
11;6;311;8;311;8;0.00267738
11;6;311;8;311;313;0.00334672
11;6;311;8;313;0.00803213
11;6;311;8;378;0.00535475
11;6;311;8;378;8;0.00334672
11;6;311;8;378;8;313;0.00267738
11;6;311;8;378;311;0.00267738
11;6;311;8;378;313;0.00334672
11;6;311;291;0.00267738
11;6;311;311;0.00468541
11;6;311;311;8;0.00267738
11;6;311;311;313;0.00334672
11;6;311;313;0.00870147
11;6;311;313;8;0.00267738
11;6;311;313;8;8;0.00267738
11;6;311;313;8;311;0.00267738
11;6;311;313;8;311;313;0.00267738
11;6;311;313;8;313;0.00267738
11;6;311;313;8;378;0.00267738
11;6;311;313;291;0.00267738
11;6;311;313;311;0.00334672
11;6;311;313;311;313;0.00334672
11;6;311;313;313;0.00334672
11;6;311;313;378;0.00334672
11;6;311;313;518;0.00267738
11;6;311;313;518;291;0.00267738
11;6;311;343;0.00267738
11;6;311;343;291;0.00267738
11;6;311;343;313;0.00267738
11;6;311;343;313;291;0.00267738
11;6;311;343;313;518;0.00267738
11;6;311;343;313;518;291;0.00267738
11;6;311;343;378;0.00267738
11;6;311;343;378;291;0.00267738
11;6;311;343;378;313;0.00267738
11;6;311;343;378;313;291;0.00267738
11;6;311;343;378;313;518;0.00267738
11;6;311;343;378;313;518;291;0.00267738
11;6;311;343;378;518;0.00267738
11;6;311;343;378;518;291;0.00267738
11;6;311;343;518;0.00267738
11;6;311;343;518;291;0.00267738
11;6;311;378;0.00870147
11;6;311;378;8;0.0060241
11;6;311;378;8;313;0.00535475
11;6;311;378;8;378;0.00267738
11;6;311;378;291;0.00267738
11;6;311;378;311;0.00267738
11;6;311;378;313;0.0060241
11;6;311;378;313;291;0.00267738
11;6;311;378;313;518;0.00267738
11;6;311;378;313;518;291;0.00267738
11;6;311;378;378;0.00267738
11;6;311;378;518;0.00267738
11;6;311;378;518;291;0.00267738
11;6;311;518;0.00267738
11;6;311;518;291;0.00267738
11;6;313;0.0113788
11;6;313;8;0.00468541
11;6;313;8;8;0.00401606
11;6;313;8;8;8;0.00267738
11;6;313;8;8;311;0.00267738
11;6;313;8;311;0.00468541
11;6;313;8;311;8;0.00267738
11;6;313;8;311;313;0.00267738
11;6;313;8;311;378;0.00267738
11;6;313;8;313;0.00267738
11;6;313;8;378;0.00401606
11;6;313;291;0.00334672
11;6;313;311;0.00535475
11;6;313;311;8;0.00267738
11;6;313;311;313;0.00334672
11;6;313;311;378;0.00267738
11;6;313;313;0.00401606
11;6;313;313;8;0.00267738
11;6;313;378;0.00535475
11;6;313;518;0.00267738
11;6;313;518;291;0.00267738
11;6;343;0.00267738
11;6;343;291;0.00267738
11;6;343;313;0.00267738
11;6;343;313;291;0.00267738
11;6;343;313;518;0.00267738
11;6;343;313;518;291;0.00267738
11;6;343;378;0.00267738
11;6;343;378;291;0.00267738
11;6;343;378;313;0.00267738
11;6;343;378;313;291;0.00267738
11;6;343;378;313;518;0.00267738
11;6;343;378;313;518;291;0.00267738
11;6;343;378;518;0.00267738
11;6;343;378;518;291;0.00267738
11;6;343;518;0.00267738
11;6;343;518;291;0.00267738
11;6;378;0.00937082
11;6;378;8;0.0060241
11;6;378;8;313;0.00535475
11;6;378;8;378;0.00267738
11;6;378;291;0.00267738
11;6;378;311;0.00267738
11;6;378;313;0.0060241
11;6;378;313;291;0.00267738
11;6;378;313;518;0.00267738
11;6;378;313;518;291;0.00267738
11;6;378;378;0.00267738
11;6;378;518;0.00267738
11;6;378;518;291;0.00267738
11;6;518;0.00267738
11;6;518;291;0.00267738
11;8;0.0240964
11;8;8;0.00535475
11;8;8;8;0.00267738
11;8;8;311;0.00334672
11;8;8;313;0.00267738
11;8;290;0.00267738
11;8;290;291;0.00267738
11;8;291;0.00736278
11;8;311;0.0147256
11;8;311;8;0.00267738
11;8;311;291;0.00267738
11;8;311;313;0.00468541
11;8;311;378;0.00267738
11;8;313;0.0113788
11;8;313;291;0.00267738
11;8;313;378;0.00267738
11;8;378;0.00669344
11;8;378;8;0.00334672
11;8;378;8;313;0.00267738
11;8;378;311;0.00267738
11;8;378;313;0.00334672
11;11;0.0133869
11;11;8;0.00334672
11;11;8;291;0.00267738
11;11;8;313;0.00267738
11;11;291;0.00334672
11;11;296;0.00334672
11;11;313;0.00401606
11;11;313;291;0.00334672
11;11;378;0.00267738
11;11;405;0.00267738
11;286;0.00267738
11;286;311;0.00267738
11;290;0.00334672
11;290;291;0.00334672
11;291;0.0113788
11;296;0.0133869
11;296;11;0.00334672
11;296;11;296;0.00267738
11;296;296;0.00401606
11;311;0.023427
11;311;8;0.0113788
11;311;8;8;0.00468541
11;311;8;8;313;0.00267738
11;311;8;291;0.00267738
11;311;8;311;0.00468541
11;311;8;311;8;0.00267738
11;311;8;311;313;0.00334672
11;311;8;313;0.00937082
11;311;8;378;0.00535475
11;311;8;378;8;0.00334672
11;311;8;378;8;313;0.00267738
11;311;8;378;311;0.00267738
11;311;8;378;313;0.00334672
11;311;11;0.00267738
11;311;11;291;0.00267738
11;311;11;313;0.00267738
11;311;11;313;291;0.00267738
11;311;290;0.00267738
11;311;290;291;0.00267738
11;311;291;0.0060241
11;311;311;0.00669344
11;311;311;8;0.00267738
11;311;311;313;0.00401606
11;311;313;0.0127175
11;311;313;8;0.00334672
11;311;313;8;8;0.00267738
11;311;313;8;311;0.00267738
11;311;313;8;311;313;0.00267738
11;311;313;8;313;0.00267738
11;311;313;8;378;0.00267738
11;311;313;291;0.00334672
11;311;313;311;0.00401606
11;311;313;311;313;0.00401606
11;311;313;313;0.00401606
11;311;313;378;0.00334672
11;311;313;518;0.00267738
11;311;313;518;291;0.00267738
11;311;343;0.00267738
11;311;343;291;0.00267738
11;311;343;313;0.00267738
11;311;343;313;291;0.00267738
11;311;343;313;518;0.00267738
11;311;343;313;518;291;0.00267738
11;311;343;378;0.00267738
11;311;343;378;291;0.00267738
11;311;343;378;313;0.00267738
11;311;343;378;313;291;0.00267738
11;311;343;378;313;518;0.00267738
11;311;343;378;313;518;291;0.00267738
11;311;343;378;518;0.00267738
11;311;343;378;518;291;0.00267738
11;311;343;518;0.00267738
11;311;343;518;291;0.00267738
11;311;378;0.00870147
11;311;378;8;0.0060241
11;311;378;8;313;0.00535475
11;311;378;8;378;0.00267738
11;311;378;291;0.00267738
11;311;378;311;0.00267738
11;311;378;313;0.0060241
11;311;378;313;291;0.00267738
11;311;378;313;518;0.00267738
11;311;378;313;518;291;0.00267738
11;311;378;378;0.00267738
11;311;378;518;0.00267738
11;311;378;518;291;0.00267738
11;311;518;0.00267738
11;311;518;291;0.00267738
11;313;0.0200803
11;313;8;0.00937082
11;313;8;8;0.00401606
11;313;8;8;8;0.00267738
11;313;8;8;311;0.00267738
11;313;8;290;0.00267738
11;313;8;290;291;0.00267738
11;313;8;291;0.00334672
11;313;8;311;0.00870147
11;313;8;311;8;0.00267738
11;313;8;311;291;0.00267738
11;313;8;311;313;0.00267738
11;313;8;311;378;0.00267738
11;313;8;313;0.00267738
11;313;8;378;0.00401606
11;313;290;0.00267738
11;313;290;291;0.00267738
11;313;291;0.00669344
11;313;311;0.0100402
11;313;311;8;0.00267738
11;313;311;291;0.00267738
11;313;311;311;0.00267738
11;313;311;313;0.00401606
11;313;311;378;0.00267738
11;313;313;0.00468541
11;313;313;8;0.00267738
11;313;378;0.00535475
11;313;478;0.00267738
11;313;518;0.00267738
11;313;518;291;0.00267738
11;343;0.00401606
11;343;8;0.00267738
11;343;8;291;0.00267738
11;343;11;0.00267738
11;343;11;291;0.00267738
11;343;11;313;0.00267738
11;343;11;313;291;0.00267738
11;343;291;0.00334672
11;343;313;0.00334672
11;343;313;291;0.00334672
11;343;313;518;0.00267738
11;343;313;518;291;0.00267738
11;343;378;0.00267738
11;343;378;291;0.00267738
11;343;378;313;0.00267738
11;343;378;313;291;0.00267738
11;343;378;313;518;0.00267738
11;343;378;313;518;291;0.00267738
11;343;378;518;0.00267738
11;343;378;518;291;0.00267738
11;343;518;0.00267738
11;343;518;291;0.00267738
11;355;0.00401606
11;378;0.0113788
11;378;8;0.00736278
11;378;8;313;0.00535475
11;378;8;378;0.00267738
11;378;291;0.00267738
11;378;311;0.00267738
11;378;313;0.0060241
11;378;313;291;0.00267738
11;378;313;518;0.00267738
11;378;313;518;291;0.00267738
11;378;378;0.00267738
11;378;518;0.00267738
11;378;518;291;0.00267738
11;405;0.0107095
11;405;11;0.00267738
11;405;11;405;0.00267738
11;405;311;0.00267738
11;405;355;0.00267738
11;405;405;0.00267738
11;473;0.00334672
11;473;311;0.00334672
11;478;0.00267738
11;516;0.00401606
11;516;8;0.00267738
11;516;378;0.00401606
11;516;378;8;0.00267738
11;518;0.00267738
11;518;291;0.00267738
11;646;0.00468541
12;0.00267738
13;0.00803213
14;0.00334672
15;0.00468541
17;0.0220884
17;4;0.00468541
17;8;0.00334672
17;508;0.00267738
19;0.137885
19;311;0.00267738
20;0.00669344
21;0.00468541
22;0.0133869
24;0.00334672
24;11;0.00267738
26;0.00468541
28;0.0100402
28;22;0.00803213
36;0.0107095
49;0.00535475
49;19;0.00535475
51;0.00535475
51;19;0.00535475
57;0.0180723
77;0.00535475
118;0.00401606
119;0.00334672
120;0.00736278
131;0.00937082
138;0.00870147
139;0.00267738
168;0.00468541
169;0.00401606
170;0.00401606
172;0.00401606
183;0.00401606
189;0.00468541
199;0.00401606
201;0.00334672
202;0.00334672
224;0.00803213
239;0.00803213
239;388;0.00267738
262;0.0060241
263;0.00334672
263;19;0.00334672
264;0.00267738
267;0.00468541
274;0.00669344
274;19;0.00669344
283;0.00736278
285;0.00334672
286;0.0180723
286;8;0.00468541
286;8;313;0.00267738
286;11;0.00267738
286;291;0.00267738
286;291;291;0.00267738
286;292;0.00334672
286;311;0.0100402
286;311;8;0.00334672
286;311;313;0.00401606
286;313;0.0060241
286;313;8;0.00267738
286;378;0.00267738
287;0.0153949
287;287;0.00267738
288;0.0113788
288;311;0.00334672
290;0.0060241
290;291;0.00535475
290;291;291;0.00267738
291;0.0635877
291;8;0.00736278
291;8;291;0.00267738
291;11;0.00468541
291;11;355;0.00267738
291;24;0.00267738
291;24;11;0.00267738
291;291;0.00937082
291;311;0.00267738
291;313;0.00535475
291;355;0.00267738
292;0.0100402
292;291;0.00334672
296;0.0354752
296;8;0.00334672
296;11;0.0133869
296;11;8;0.00267738
296;11;11;0.00267738
296;11;296;0.00468541
296;11;311;0.00267738
296;11;355;0.00267738
296;11;405;0.0060241
296;11;405;355;0.00267738
296;11;646;0.00267738
296;296;0.0153949
296;296;11;0.00334672
296;296;405;0.00267738
296;300;0.00334672
296;311;0.00334672
296;355;0.00267738
296;405;0.00669344
296;405;311;0.00267738
296;405;355;0.00267738
296;405;405;0.00267738
296;646;0.00267738
296;799;0.00401606
296;799;296;0.00334672
296;800;0.00267738
298;0.0100402
298;296;0.00535475
300;0.00803213
307;0.0060241
308;0.00468541
308;314;0.00401606
308;314;610;0.00267738
308;610;0.00267738
309;0.00535475
309;310;0.00334672
309;310;314;0.00334672
309;314;0.00334672
310;0.0100402
310;310;0.00334672
310;314;0.00468541
311;0.0983936
311;4;0.00267738
311;8;0.0348059
311;8;4;0.00267738
311;8;8;0.0127175
311;8;8;313;0.00468541
311;8;8;378;0.00334672
311;8;11;0.00267738
311;8;291;0.00401606
311;8;296;0.00267738
311;8;311;0.0060241
311;8;311;8;0.00334672
311;8;311;8;378;0.00267738
311;8;311;313;0.00401606
311;8;311;378;0.00267738
311;8;313;0.021419
311;8;313;8;0.00803213
311;8;313;291;0.00267738
311;8;313;313;0.00267738
311;8;313;378;0.00334672
311;8;378;0.0100402
311;8;378;8;0.00401606
311;8;378;8;313;0.00267738
311;8;378;311;0.00334672
311;8;378;313;0.00401606
311;8;378;378;0.00267738
311;11;0.00736278
311;11;8;0.00267738
311;11;8;291;0.00267738
311;11;291;0.00334672
311;11;313;0.00334672
311;11;313;291;0.00334672
311;11;378;0.00267738
311;290;0.00334672
311;290;291;0.00334672
311;291;0.0107095
311;291;8;0.00267738
311;291;313;0.00267738
311;292;0.00267738
311;296;0.00401606
311;311;0.0100402
311;311;8;0.00401606
311;311;8;378;0.00267738
311;311;313;0.00468541
311;311;378;0.00267738
311;313;0.042838
311;313;8;0.0160643
311;313;8;8;0.00267738
311;313;8;311;0.00334672
311;313;8;311;313;0.00334672
311;313;8;313;0.00401606
311;313;8;378;0.00468541
311;313;291;0.00401606
311;313;311;0.00468541
311;313;311;313;0.00468541
311;313;313;0.00669344
311;313;378;0.00736278
311;313;378;8;0.00267738
311;313;378;8;378;0.00267738
311;313;378;378;0.00267738
311;313;518;0.00267738
311;313;518;291;0.00267738
311;343;0.00267738
311;343;291;0.00267738
311;343;313;0.00267738
311;343;313;291;0.00267738
311;343;313;518;0.00267738
311;343;313;518;291;0.00267738
311;343;378;0.00267738
311;343;378;291;0.00267738
311;343;378;313;0.00267738
311;343;378;313;291;0.00267738
311;343;378;313;518;0.00267738
311;343;378;313;518;291;0.00267738
311;343;378;518;0.00267738
311;343;378;518;291;0.00267738
311;343;518;0.00267738
311;343;518;291;0.00267738
311;378;0.0147256
311;378;8;0.00870147
311;378;8;291;0.00267738
311;378;8;313;0.0060241
311;378;8;313;291;0.00267738
311;378;8;378;0.00535475
311;378;291;0.00334672
311;378;311;0.00334672
311;378;313;0.00736278
311;378;313;291;0.00334672
311;378;313;518;0.00267738
311;378;313;518;291;0.00267738
311;378;378;0.0060241
311;378;518;0.00267738
311;378;518;291;0.00267738
311;518;0.00267738
311;518;291;0.00267738
312;0.00669344
312;310;0.00401606
312;310;310;0.00267738
312;312;0.00334672
312;312;310;0.00267738
312;312;310;310;0.00267738
313;0.100402
313;4;0.00267738
313;8;0.0227577
313;8;8;0.00401606
313;8;8;8;0.00267738
313;8;8;311;0.00267738
313;8;290;0.00267738
313;8;290;291;0.00267738
313;8;291;0.00401606
313;8;311;0.0100402
313;8;311;8;0.00267738
313;8;311;291;0.00267738
313;8;311;313;0.00334672
313;8;311;378;0.00267738
313;8;313;0.00401606
313;8;378;0.0060241
313;11;0.00334672
313;290;0.00267738
313;290;291;0.00267738
313;291;0.0160643
313;291;291;0.00267738
313;296;0.00267738
313;311;0.0133869
313;311;8;0.00267738
313;311;291;0.00267738
313;311;311;0.00267738
313;311;313;0.00535475
313;311;378;0.00267738
313;313;0.00937082
313;313;8;0.00267738
313;378;0.0100402
313;378;8;0.00334672
313;378;8;378;0.00334672
313;378;378;0.00334672
313;478;0.00267738
313;518;0.00267738
313;518;291;0.00267738
313;553;0.00334672
314;0.00736278
314;610;0.00267738
334;0.00669344
334;313;0.00267738
334;335;0.00334672
335;0.00401606
343;0.0488621
343;8;0.0060241
343;8;291;0.00267738
343;11;0.00468541
343;11;8;0.00334672
343;11;291;0.00267738
343;11;313;0.00267738
343;11;313;291;0.00267738
343;11;378;0.00401606
343;11;378;8;0.00267738
343;11;516;0.00401606
343;11;516;8;0.00267738
343;11;516;378;0.00401606
343;11;516;378;8;0.00267738
343;291;0.00937082
343;311;0.0060241
343;311;11;0.00267738
343;311;11;291;0.00267738
343;311;11;313;0.00267738
343;311;11;313;291;0.00267738
343;311;291;0.00267738
343;311;313;0.00267738
343;311;313;291;0.00267738
343;313;0.0060241
343;313;291;0.00334672
343;313;518;0.00267738
343;313;518;291;0.00267738
343;343;0.0120482
343;343;343;0.0060241
343;343;343;345;0.00267738
343;343;344;0.00267738
343;343;344;343;0.00267738
343;343;344;343;345;0.00267738
343;343;344;345;0.00267738
343;343;345;0.00401606
343;344;0.00401606
343;344;343;0.00401606
343;344;343;343;0.00267738
343;344;343;343;345;0.00267738
343;344;343;344;0.00267738
343;344;343;344;343;0.00267738
343;344;343;344;343;345;0.00267738
343;344;343;344;345;0.00267738
343;344;343;345;0.00401606
343;344;344;0.00267738
343;344;344;343;0.00267738
343;344;344;343;345;0.00267738
343;344;344;345;0.00267738
343;344;345;0.00401606
343;345;0.00401606
343;378;0.00535475
343;378;8;0.00401606
343;378;291;0.00267738
343;378;313;0.00267738
343;378;313;291;0.00267738
343;378;313;518;0.00267738
343;378;313;518;291;0.00267738
343;378;517;0.00267738
343;378;517;8;0.00267738
343;378;518;0.00267738
343;378;518;291;0.00267738
343;515;0.00267738
343;515;8;0.00267738
343;515;378;0.00267738
343;515;378;8;0.00267738
343;515;378;517;0.00267738
343;515;378;517;8;0.00267738
343;515;517;0.00267738
343;515;517;8;0.00267738
343;516;0.00401606
343;516;8;0.00267738
343;516;378;0.00401606
343;516;378;8;0.00267738
343;517;0.00267738
343;517;8;0.00267738
343;518;0.00267738
343;518;291;0.00267738
343;664;0.00401606
343;821;0.00401606
343;839;0.00267738
343;854;0.00267738
344;0.00401606
344;343;0.00401606
344;343;343;0.00267738
344;343;343;345;0.00267738
344;343;344;0.00267738
344;343;344;343;0.00267738
344;343;344;343;345;0.00267738
344;343;344;345;0.00267738
344;343;345;0.00401606
344;344;0.00267738
344;344;343;0.00267738
344;344;343;345;0.00267738
344;344;345;0.00267738
344;345;0.00401606
345;0.00401606
355;0.0107095
355;8;0.00535475
355;291;0.0060241
355;313;0.00267738
367;0.0153949
367;6;0.00401606
367;11;0.00401606
367;11;6;0.00267738
367;291;0.00267738
367;313;0.00334672
367;378;0.00267738
368;0.00468541
368;11;0.00401606
375;0.00334672
375;376;0.00267738
376;0.00535475
376;495;0.00267738
376;495;497;0.00267738
376;497;0.00267738
378;0.0287818
378;8;0.0120482
378;8;291;0.00267738
378;8;313;0.0060241
378;8;313;291;0.00267738
378;8;378;0.0060241
378;291;0.00334672
378;311;0.00334672
378;313;0.00803213
378;313;291;0.00334672
378;313;378;0.00267738
378;313;518;0.00267738
378;313;518;291;0.00267738
378;378;0.00736278
378;517;0.00267738
378;517;8;0.00267738
378;518;0.00267738
378;518;291;0.00267738
381;0.0060241
383;0.00334672
383;343;0.00267738
384;0.00401606
384;385;0.00401606
385;0.00401606
388;0.00267738
398;0.00267738
398;399;0.00267738
399;0.00334672
405;0.0127175
405;11;0.00334672
405;11;405;0.00334672
405;311;0.00334672
405;355;0.00267738
405;405;0.00334672
406;0.0060241
406;291;0.00267738
406;313;0.00267738
406;408;0.00267738
407;0.00267738
407;291;0.00267738
407;313;0.00267738
407;313;291;0.00267738
408;0.00535475
421;0.00267738
424;0.00736278
427;0.00267738
431;0.00267738
446;0.00937082
446;11;0.00267738
446;311;0.00267738
446;796;0.00267738
448;0.00401606
451;0.00736278
453;0.00334672
454;0.00535475
455;0.0060241
461;0.0107095
461;4;0.00334672
461;4;11;0.00334672
461;8;0.00468541
461;8;4;0.00334672
461;8;4;11;0.00334672
461;8;11;0.00334672
461;8;296;0.00267738
461;11;0.0060241
461;296;0.00267738
463;0.00334672
472;0.00267738
473;0.0321285
473;8;0.00669344
473;8;8;0.00267738
473;8;8;313;0.00267738
473;8;313;0.00267738
473;8;378;0.00267738
473;11;0.00535475
473;11;646;0.00267738
473;296;0.00401606
473;296;11;0.00334672
473;311;0.0100402
473;311;8;0.00401606
473;311;8;8;0.00267738
473;311;8;8;313;0.00267738
473;311;8;313;0.00267738
473;311;8;378;0.00267738
473;311;313;0.00401606
473;311;378;0.00334672
473;313;0.00401606
473;378;0.00334672
473;473;0.00334672
473;646;0.00267738
474;0.00267738
475;0.00267738
477;0.00334672
477;8;0.00267738
477;311;0.00267738
478;0.00803213
478;8;0.00401606
478;311;0.00334672
478;730;0.00267738
479;0.00401606
479;479;0.00334672
485;0.00401606
485;487;0.00267738
487;0.00267738
492;0.00468541
492;291;0.00401606
492;493;0.00401606
492;493;291;0.00334672
493;0.00468541
493;291;0.00334672
495;0.00468541
495;497;0.00267738
497;0.0060241
507;0.00401606
507;17;0.00267738
507;17;508;0.00267738
507;508;0.00401606
508;0.00401606
515;0.00267738
515;8;0.00267738
515;378;0.00267738
515;378;8;0.00267738
515;378;517;0.00267738
515;378;517;8;0.00267738
515;517;0.00267738
515;517;8;0.00267738
516;0.00401606
516;8;0.00267738
516;378;0.00401606
516;378;8;0.00267738
517;0.00334672
517;8;0.00267738
518;0.00535475
518;291;0.00535475
519;0.0107095
519;120;0.00535475
528;0.0060241
528;262;0.00535475
528;528;0.00535475
528;528;262;0.00535475
528;528;528;0.00468541
528;528;528;262;0.00468541
528;528;528;528;0.00401606
528;528;528;528;262;0.00401606
528;528;528;528;528;0.00334672
528;528;528;528;528;262;0.00334672
528;528;528;528;528;528;0.00267738
528;528;528;528;528;528;262;0.00267738
535;0.00267738
541;0.00267738
541;542;0.00267738
542;0.00267738
546;0.00267738
546;311;0.00267738
553;0.0133869
566;0.00334672
578;0.00803213
578;11;0.00803213
585;0.00468541
595;0.00803213
595;11;0.00803213
602;0.00267738
602;131;0.00267738
603;0.00669344
603;796;0.00267738
610;0.00535475
615;0.00267738
626;0.00401606
626;313;0.00267738
643;0.00468541
643;8;0.00267738
646;0.00535475
664;0.0060241
667;0.00535475
667;8;0.00401606
667;313;0.00267738
683;0.00267738
684;0.00267738
723;0.00267738
730;0.00267738
796;0.00535475
797;0.00267738
797;296;0.00267738
799;0.00468541
799;296;0.00334672
800;0.00669344
801;0.00267738
801;799;0.00267738
801;802;0.00267738
801;802;799;0.00267738
802;0.00267738
802;799;0.00267738
820;0.00267738
821;0.00401606
822;0.00535475
822;823;0.00334672
823;0.00870147
823;8;0.00267738
823;313;0.00267738
825;0.00267738
827;0.00267738
827;828;0.00267738
828;0.00334672
839;0.00267738
854;0.00267738
860;0.00267738
