1;0.0163043
6;0.0226449
6;6;0.00905797
6;93;0.00634058
6;106;0.00543478
13;0.00543478
15;0.00815217
15;15;0.00634058
15;15;15;0.00543478
15;15;15;30;0.00543478
15;15;30;0.00543478
15;15;490;0.00543478
15;15;490;15;0.00543478
15;15;490;15;30;0.00543478
15;15;490;30;0.00543478
15;30;0.00543478
15;418;0.00543478
15;427;0.00543478
15;427;418;0.00543478
15;490;0.00543478
15;490;15;0.00543478
15;490;15;30;0.00543478
15;490;30;0.00543478
17;0.00724638
21;0.00815217
30;0.0969203
30;15;0.00543478
30;15;15;0.00543478
30;15;15;15;0.00543478
30;15;15;15;30;0.00543478
30;15;15;30;0.00543478
30;15;15;490;0.00543478
30;15;15;490;15;0.00543478
30;15;15;490;15;30;0.00543478
30;15;15;490;30;0.00543478
30;15;30;0.00543478
30;15;490;0.00543478
30;15;490;15;0.00543478
30;15;490;15;30;0.00543478
30;15;490;30;0.00543478
30;30;0.0480072
30;30;15;0.00543478
30;30;15;15;0.00543478
30;30;15;15;15;0.00543478
30;30;15;15;15;30;0.00543478
30;30;15;15;30;0.00543478
30;30;15;15;490;0.00543478
30;30;15;15;490;15;0.00543478
30;30;15;15;490;15;30;0.00543478
30;30;15;15;490;30;0.00543478
30;30;15;30;0.00543478
30;30;15;490;0.00543478
30;30;15;490;15;0.00543478
30;30;15;490;15;30;0.00543478
30;30;15;490;30;0.00543478
30;30;30;0.0289855
30;30;30;30;0.0226449
30;30;30;30;30;0.0117754
30;30;30;30;30;30;0.00996377
30;30;30;30;30;30;30;0.00724638
30;30;30;30;30;30;30;30;0.00634058
30;30;30;30;30;30;418;0.00543478
30;30;30;30;30;418;0.00634058
30;30;30;30;30;418;30;0.00543478
30;30;30;30;30;418;30;418;0.00543478
30;30;30;30;30;418;418;0.00543478
30;30;30;30;30;433;0.00543478
30;30;30;30;418;0.013587
30;30;30;30;418;30;0.00634058
30;30;30;30;418;30;30;0.00543478
30;30;30;30;418;30;30;418;0.00543478
30;30;30;30;418;30;418;0.00634058
30;30;30;30;418;30;418;30;0.00543478
30;30;30;30;418;30;418;30;418;0.00543478
30;30;30;30;418;30;418;418;0.00543478
30;30;30;30;418;418;0.00634058
30;30;30;30;418;418;30;0.00543478
30;30;30;30;418;418;30;418;0.00543478
30;30;30;30;418;418;418;0.00543478
30;30;30;30;433;0.00905797
30;30;30;30;433;30;0.00634058
30;30;30;418;0.0163043
30;30;30;418;30;0.013587
30;30;30;418;30;30;0.00634058
30;30;30;418;30;30;30;0.00543478
30;30;30;418;30;30;30;418;0.00543478
30;30;30;418;30;30;418;0.00634058
30;30;30;418;30;30;418;30;0.00543478
30;30;30;418;30;30;418;30;418;0.00543478
30;30;30;418;30;30;418;418;0.00543478
30;30;30;418;30;418;0.013587
30;30;30;418;30;418;30;0.00634058
30;30;30;418;30;418;30;30;0.00543478
30;30;30;418;30;418;30;30;418;0.00543478
30;30;30;418;30;418;30;418;0.00634058
30;30;30;418;30;418;30;418;30;0.00543478
30;30;30;418;30;418;30;418;30;418;0.00543478
30;30;30;418;30;418;30;418;418;0.00543478
30;30;30;418;30;418;418;0.00634058
30;30;30;418;30;418;418;30;0.00543478
30;30;30;418;30;418;418;30;418;0.00543478
30;30;30;418;30;418;418;418;0.00543478
30;30;30;418;418;0.0144928
30;30;30;418;418;30;0.00634058
30;30;30;418;418;30;30;0.00543478
30;30;30;418;418;30;30;418;0.00543478
30;30;30;418;418;30;418;0.00634058
30;30;30;418;418;30;418;30;0.00543478
30;30;30;418;418;30;418;30;418;0.00543478
30;30;30;418;418;30;418;418;0.00543478
30;30;30;418;418;418;0.00724638
30;30;30;418;418;418;30;0.00543478
30;30;30;418;418;418;30;418;0.00543478
30;30;30;418;418;418;418;0.00634058
30;30;30;418;418;418;418;418;0.00543478
30;30;30;418;418;418;418;418;418;0.00543478
30;30;30;433;0.00996377
30;30;30;433;30;0.00905797
30;30;30;433;30;30;0.00634058
30;30;30;433;30;30;30;0.00543478
30;30;30;433;30;30;433;0.00543478
30;30;30;433;30;433;0.00815217
30;30;30;433;30;433;30;0.00543478
30;30;30;433;433;0.00815217
30;30;30;433;433;30;0.00543478
30;30;228;0.00543478
30;30;385;0.00815217
30;30;385;30;0.00815217
30;30;385;30;30;0.00815217
30;30;385;30;30;418;0.00815217
30;30;385;30;418;0.00815217
30;30;385;30;418;30;0.00815217
30;30;385;30;418;30;418;0.00815217
30;30;385;30;418;418;0.00815217
30;30;385;418;0.00815217
30;30;385;418;30;0.00815217
30;30;385;418;30;418;0.00815217
30;30;385;418;418;0.00815217
30;30;418;0.0208333
30;30;418;30;0.0153986
30;30;418;30;30;0.013587
30;30;418;30;30;30;0.00634058
30;30;418;30;30;30;30;0.00543478
30;30;418;30;30;30;30;418;0.00543478
30;30;418;30;30;30;418;0.00634058
30;30;418;30;30;30;418;30;0.00543478
30;30;418;30;30;30;418;30;418;0.00543478
30;30;418;30;30;30;418;418;0.00543478
30;30;418;30;30;418;0.013587
30;30;418;30;30;418;30;0.00634058
30;30;418;30;30;418;30;30;0.00543478
30;30;418;30;30;418;30;30;418;0.00543478
30;30;418;30;30;418;30;418;0.00634058
30;30;418;30;30;418;30;418;30;0.00543478
30;30;418;30;30;418;30;418;30;418;0.00543478
30;30;418;30;30;418;30;418;418;0.00543478
30;30;418;30;30;418;418;0.00634058
30;30;418;30;30;418;418;30;0.00543478
30;30;418;30;30;418;418;30;418;0.00543478
30;30;418;30;30;418;418;418;0.00543478
30;30;418;30;418;0.0153986
30;30;418;30;418;30;0.013587
30;30;418;30;418;30;30;0.00634058
30;30;418;30;418;30;30;30;0.00543478
30;30;418;30;418;30;30;30;418;0.00543478
30;30;418;30;418;30;30;418;0.00634058
30;30;418;30;418;30;30;418;30;0.00543478
30;30;418;30;418;30;30;418;30;418;0.00543478
30;30;418;30;418;30;30;418;418;0.00543478
30;30;418;30;418;30;418;0.013587
30;30;418;30;418;30;418;30;0.00634058
30;30;418;30;418;30;418;30;30;0.00543478
30;30;418;30;418;30;418;30;30;418;0.00543478
30;30;418;30;418;30;418;30;418;0.00634058
30;30;418;30;418;30;418;30;418;30;0.00543478
30;30;418;30;418;30;418;30;418;30;418;0.00543478
30;30;418;30;418;30;418;30;418;418;0.00543478
30;30;418;30;418;30;418;418;0.00634058
30;30;418;30;418;30;418;418;30;0.00543478
30;30;418;30;418;30;418;418;30;418;0.00543478
30;30;418;30;418;30;418;418;418;0.00543478
30;30;418;30;418;418;0.0144928
30;30;418;30;418;418;30;0.00634058
30;30;418;30;418;418;30;30;0.00543478
30;30;418;30;418;418;30;30;418;0.00543478
30;30;418;30;418;418;30;418;0.00634058
30;30;418;30;418;418;30;418;30;0.00543478
30;30;418;30;418;418;30;418;30;418;0.00543478
30;30;418;30;418;418;30;418;418;0.00543478
30;30;418;30;418;418;418;0.00724638
30;30;418;30;418;418;418;30;0.00543478
30;30;418;30;418;418;418;30;418;0.00543478
30;30;418;30;418;418;418;418;0.00634058
30;30;418;30;418;418;418;418;418;0.00543478
30;30;418;30;418;418;418;418;418;418;0.00543478
30;30;418;385;0.00815217
30;30;418;385;30;0.00815217
30;30;418;385;30;30;0.00815217
30;30;418;385;30;30;418;0.00815217
30;30;418;385;30;418;0.00815217
30;30;418;385;30;418;30;0.00815217
30;30;418;385;30;418;30;418;0.00815217
30;30;418;385;30;418;418;0.00815217
30;30;418;385;418;0.00815217
30;30;418;385;418;30;0.00815217
30;30;418;385;418;30;418;0.00815217
30;30;418;385;418;418;0.00815217
30;30;418;418;0.0153986
30;30;418;418;30;0.0144928
30;30;418;418;30;30;0.00634058
30;30;418;418;30;30;30;0.00543478
30;30;418;418;30;30;30;418;0.00543478
30;30;418;418;30;30;418;0.00634058
30;30;418;418;30;30;418;30;0.00543478
30;30;418;418;30;30;418;30;418;0.00543478
30;30;418;418;30;30;418;418;0.00543478
30;30;418;418;30;418;0.0144928
30;30;418;418;30;418;30;0.00634058
30;30;418;418;30;418;30;30;0.00543478
30;30;418;418;30;418;30;30;418;0.00543478
30;30;418;418;30;418;30;418;0.00634058
30;30;418;418;30;418;30;418;30;0.00543478
30;30;418;418;30;418;30;418;30;418;0.00543478
30;30;418;418;30;418;30;418;418;0.00543478
30;30;418;418;30;418;418;0.00724638
30;30;418;418;30;418;418;30;0.00543478
30;30;418;418;30;418;418;30;418;0.00543478
30;30;418;418;30;418;418;418;0.00634058
30;30;418;418;30;418;418;418;418;0.00543478
30;30;418;418;30;418;418;418;418;418;0.00543478
30;30;418;418;418;0.0144928
30;30;418;418;418;30;0.00724638
30;30;418;418;418;30;30;0.00543478
30;30;418;418;418;30;30;418;0.00543478
30;30;418;418;418;30;418;0.00724638
30;30;418;418;418;30;418;30;0.00543478
30;30;418;418;418;30;418;30;418;0.00543478
30;30;418;418;418;30;418;418;0.00634058
30;30;418;418;418;30;418;418;418;0.00543478
30;30;418;418;418;30;418;418;418;418;0.00543478
30;30;418;418;418;418;0.00724638
30;30;418;418;418;418;30;0.00543478
30;30;418;418;418;418;30;418;0.00543478
30;30;418;418;418;418;418;0.00634058
30;30;418;418;418;418;418;418;0.00543478
30;30;418;418;418;418;418;418;418;0.00543478
30;30;433;0.0190217
30;30;433;30;0.0117754
30;30;433;30;30;0.00905797
30;30;433;30;30;30;0.00724638
30;30;433;30;30;30;30;0.00543478
30;30;433;30;30;433;0.00815217
30;30;433;30;30;433;30;0.00634058
30;30;433;30;433;0.00996377
30;30;433;30;433;30;0.00815217
30;30;433;30;433;30;30;0.00543478
30;30;433;30;433;30;433;0.00634058
30;30;433;30;433;433;0.00634058
30;30;433;433;0.0117754
30;30;433;433;30;0.00815217
30;30;433;433;30;30;0.00543478
30;30;433;433;30;433;0.00634058
30;30;433;433;433;0.00634058
30;30;433;437;0.00543478
30;30;434;0.00634058
30;30;434;30;0.00543478
30;30;437;0.00634058
30;30;490;0.00543478
30;30;490;15;0.00543478
30;30;490;15;30;0.00543478
30;30;490;30;0.00543478
30;32;0.0117754
30;152;0.0172101
30;152;228;0.00543478
30;203;0.00543478
30;204;0.00905797
30;217;0.00996377
30;217;433;0.00543478
30;228;0.0117754
30;228;433;0.00634058
30;228;433;433;0.00634058
30;237;0.00996377
30;274;0.00634058
30;385;0.0144928
30;385;30;0.0117754
30;385;30;30;0.00815217
30;385;30;30;418;0.00815217
30;385;30;418;0.0117754
30;385;30;418;30;0.00815217
30;385;30;418;30;418;0.00815217
30;385;30;418;418;0.00815217
30;385;418;0.0117754
30;385;418;30;0.00815217
30;385;418;30;418;0.00815217
30;385;418;418;0.00815217
30;418;0.0244565
30;418;30;0.0190217
30;418;30;30;0.0153986
30;418;30;30;30;0.013587
30;418;30;30;30;30;0.00634058
30;418;30;30;30;30;30;0.00543478
30;418;30;30;30;30;30;418;0.00543478
30;418;30;30;30;30;418;0.00634058
30;418;30;30;30;30;418;30;0.00543478
30;418;30;30;30;30;418;30;418;0.00543478
30;418;30;30;30;30;418;418;0.00543478
30;418;30;30;30;418;0.013587
30;418;30;30;30;418;30;0.00634058
30;418;30;30;30;418;30;30;0.00543478
30;418;30;30;30;418;30;30;418;0.00543478
30;418;30;30;30;418;30;418;0.00634058
30;418;30;30;30;418;30;418;30;0.00543478
30;418;30;30;30;418;30;418;30;418;0.00543478
30;418;30;30;30;418;30;418;418;0.00543478
30;418;30;30;30;418;418;0.00634058
30;418;30;30;30;418;418;30;0.00543478
30;418;30;30;30;418;418;30;418;0.00543478
30;418;30;30;30;418;418;418;0.00543478
30;418;30;30;418;0.0153986
30;418;30;30;418;30;0.013587
30;418;30;30;418;30;30;0.00634058
30;418;30;30;418;30;30;30;0.00543478
30;418;30;30;418;30;30;30;418;0.00543478
30;418;30;30;418;30;30;418;0.00634058
30;418;30;30;418;30;30;418;30;0.00543478
30;418;30;30;418;30;30;418;30;418;0.00543478
30;418;30;30;418;30;30;418;418;0.00543478
30;418;30;30;418;30;418;0.013587
30;418;30;30;418;30;418;30;0.00634058
30;418;30;30;418;30;418;30;30;0.00543478
30;418;30;30;418;30;418;30;30;418;0.00543478
30;418;30;30;418;30;418;30;418;0.00634058
30;418;30;30;418;30;418;30;418;30;0.00543478
30;418;30;30;418;30;418;30;418;30;418;0.00543478
30;418;30;30;418;30;418;30;418;418;0.00543478
30;418;30;30;418;30;418;418;0.00634058
30;418;30;30;418;30;418;418;30;0.00543478
30;418;30;30;418;30;418;418;30;418;0.00543478
30;418;30;30;418;30;418;418;418;0.00543478
30;418;30;30;418;418;0.0144928
30;418;30;30;418;418;30;0.00634058
30;418;30;30;418;418;30;30;0.00543478
30;418;30;30;418;418;30;30;418;0.00543478
30;418;30;30;418;418;30;418;0.00634058
30;418;30;30;418;418;30;418;30;0.00543478
30;418;30;30;418;418;30;418;30;418;0.00543478
30;418;30;30;418;418;30;418;418;0.00543478
30;418;30;30;418;418;418;0.00724638
30;418;30;30;418;418;418;30;0.00543478
30;418;30;30;418;418;418;30;418;0.00543478
30;418;30;30;418;418;418;418;0.00634058
30;418;30;30;418;418;418;418;418;0.00543478
30;418;30;30;418;418;418;418;418;418;0.00543478
30;418;30;385;0.00815217
30;418;30;385;30;0.00815217
30;418;30;385;30;30;0.00815217
30;418;30;385;30;30;418;0.00815217
30;418;30;385;30;418;0.00815217
30;418;30;385;30;418;30;0.00815217
30;418;30;385;30;418;30;418;0.00815217
30;418;30;385;30;418;418;0.00815217
30;418;30;385;418;0.00815217
30;418;30;385;418;30;0.00815217
30;418;30;385;418;30;418;0.00815217
30;418;30;385;418;418;0.00815217
30;418;30;418;0.0190217
30;418;30;418;30;0.0153986
30;418;30;418;30;30;0.013587
30;418;30;418;30;30;30;0.00634058
30;418;30;418;30;30;30;30;0.00543478
30;418;30;418;30;30;30;30;418;0.00543478
30;418;30;418;30;30;30;418;0.00634058
30;418;30;418;30;30;30;418;30;0.00543478
30;418;30;418;30;30;30;418;30;418;0.00543478
30;418;30;418;30;30;30;418;418;0.00543478
30;418;30;418;30;30;418;0.013587
30;418;30;418;30;30;418;30;0.00634058
30;418;30;418;30;30;418;30;30;0.00543478
30;418;30;418;30;30;418;30;30;418;0.00543478
30;418;30;418;30;30;418;30;418;0.00634058
30;418;30;418;30;30;418;30;418;30;0.00543478
30;418;30;418;30;30;418;30;418;30;418;0.00543478
30;418;30;418;30;30;418;30;418;418;0.00543478
30;418;30;418;30;30;418;418;0.00634058
30;418;30;418;30;30;418;418;30;0.00543478
30;418;30;418;30;30;418;418;30;418;0.00543478
30;418;30;418;30;30;418;418;418;0.00543478
30;418;30;418;30;418;0.0153986
30;418;30;418;30;418;30;0.013587
30;418;30;418;30;418;30;30;0.00634058
30;418;30;418;30;418;30;30;30;0.00543478
30;418;30;418;30;418;30;30;30;418;0.00543478
30;418;30;418;30;418;30;30;418;0.00634058
30;418;30;418;30;418;30;30;418;30;0.00543478
30;418;30;418;30;418;30;30;418;30;418;0.00543478
30;418;30;418;30;418;30;30;418;418;0.00543478
30;418;30;418;30;418;30;418;0.013587
30;418;30;418;30;418;30;418;30;0.00634058
30;418;30;418;30;418;30;418;30;30;0.00543478
30;418;30;418;30;418;30;418;30;30;418;0.00543478
30;418;30;418;30;418;30;418;30;418;0.00634058
30;418;30;418;30;418;30;418;30;418;30;0.00543478
30;418;30;418;30;418;30;418;30;418;30;418;0.00543478
30;418;30;418;30;418;30;418;30;418;418;0.00543478
30;418;30;418;30;418;30;418;418;0.00634058
30;418;30;418;30;418;30;418;418;30;0.00543478
30;418;30;418;30;418;30;418;418;30;418;0.00543478
30;418;30;418;30;418;30;418;418;418;0.00543478
30;418;30;418;30;418;418;0.0144928
30;418;30;418;30;418;418;30;0.00634058
30;418;30;418;30;418;418;30;30;0.00543478
30;418;30;418;30;418;418;30;30;418;0.00543478
30;418;30;418;30;418;418;30;418;0.00634058
30;418;30;418;30;418;418;30;418;30;0.00543478
30;418;30;418;30;418;418;30;418;30;418;0.00543478
30;418;30;418;30;418;418;30;418;418;0.00543478
30;418;30;418;30;418;418;418;0.00724638
30;418;30;418;30;418;418;418;30;0.00543478
30;418;30;418;30;418;418;418;30;418;0.00543478
30;418;30;418;30;418;418;418;418;0.00634058
30;418;30;418;30;418;418;418;418;418;0.00543478
30;418;30;418;30;418;418;418;418;418;418;0.00543478
30;418;30;418;385;0.00815217
30;418;30;418;385;30;0.00815217
30;418;30;418;385;30;30;0.00815217
30;418;30;418;385;30;30;418;0.00815217
30;418;30;418;385;30;418;0.00815217
30;418;30;418;385;30;418;30;0.00815217
30;418;30;418;385;30;418;30;418;0.00815217
30;418;30;418;385;30;418;418;0.00815217
30;418;30;418;385;418;0.00815217
30;418;30;418;385;418;30;0.00815217
30;418;30;418;385;418;30;418;0.00815217
30;418;30;418;385;418;418;0.00815217
30;418;30;418;418;0.0153986
30;418;30;418;418;30;0.0144928
30;418;30;418;418;30;30;0.00634058
30;418;30;418;418;30;30;30;0.00543478
30;418;30;418;418;30;30;30;418;0.00543478
30;418;30;418;418;30;30;418;0.00634058
30;418;30;418;418;30;30;418;30;0.00543478
30;418;30;418;418;30;30;418;30;418;0.00543478
30;418;30;418;418;30;30;418;418;0.00543478
30;418;30;418;418;30;418;0.0144928
30;418;30;418;418;30;418;30;0.00634058
30;418;30;418;418;30;418;30;30;0.00543478
30;418;30;418;418;30;418;30;30;418;0.00543478
30;418;30;418;418;30;418;30;418;0.00634058
30;418;30;418;418;30;418;30;418;30;0.00543478
30;418;30;418;418;30;418;30;418;30;418;0.00543478
30;418;30;418;418;30;418;30;418;418;0.00543478
30;418;30;418;418;30;418;418;0.00724638
30;418;30;418;418;30;418;418;30;0.00543478
30;418;30;418;418;30;418;418;30;418;0.00543478
30;418;30;418;418;30;418;418;418;0.00634058
30;418;30;418;418;30;418;418;418;418;0.00543478
30;418;30;418;418;30;418;418;418;418;418;0.00543478
30;418;30;418;418;418;0.0144928
30;418;30;418;418;418;30;0.00724638
30;418;30;418;418;418;30;30;0.00543478
30;418;30;418;418;418;30;30;418;0.00543478
30;418;30;418;418;418;30;418;0.00724638
30;418;30;418;418;418;30;418;30;0.00543478
30;418;30;418;418;418;30;418;30;418;0.00543478
30;418;30;418;418;418;30;418;418;0.00634058
30;418;30;418;418;418;30;418;418;418;0.00543478
30;418;30;418;418;418;30;418;418;418;418;0.00543478
30;418;30;418;418;418;418;0.00724638
30;418;30;418;418;418;418;30;0.00543478
30;418;30;418;418;418;418;30;418;0.00543478
30;418;30;418;418;418;418;418;0.00634058
30;418;30;418;418;418;418;418;418;0.00543478
30;418;30;418;418;418;418;418;418;418;0.00543478
30;418;385;0.0117754
30;418;385;30;0.0117754
30;418;385;30;30;0.00815217
30;418;385;30;30;418;0.00815217
30;418;385;30;418;0.0117754
30;418;385;30;418;30;0.00815217
30;418;385;30;418;30;418;0.00815217
30;418;385;30;418;418;0.00815217
30;418;385;418;0.0117754
30;418;385;418;30;0.00815217
30;418;385;418;30;418;0.00815217
30;418;385;418;418;0.00815217
30;418;418;0.0190217
30;418;418;30;0.0153986
30;418;418;30;30;0.013587
30;418;418;30;30;30;0.00634058
30;418;418;30;30;30;30;0.00543478
30;418;418;30;30;30;30;418;0.00543478
30;418;418;30;30;30;418;0.00634058
30;418;418;30;30;30;418;30;0.00543478
30;418;418;30;30;30;418;30;418;0.00543478
30;418;418;30;30;30;418;418;0.00543478
30;418;418;30;30;418;0.013587
30;418;418;30;30;418;30;0.00634058
30;418;418;30;30;418;30;30;0.00543478
30;418;418;30;30;418;30;30;418;0.00543478
30;418;418;30;30;418;30;418;0.00634058
30;418;418;30;30;418;30;418;30;0.00543478
30;418;418;30;30;418;30;418;30;418;0.00543478
30;418;418;30;30;418;30;418;418;0.00543478
30;418;418;30;30;418;418;0.00634058
30;418;418;30;30;418;418;30;0.00543478
30;418;418;30;30;418;418;30;418;0.00543478
30;418;418;30;30;418;418;418;0.00543478
30;418;418;30;418;0.0153986
30;418;418;30;418;30;0.013587
30;418;418;30;418;30;30;0.00634058
30;418;418;30;418;30;30;30;0.00543478
30;418;418;30;418;30;30;30;418;0.00543478
30;418;418;30;418;30;30;418;0.00634058
30;418;418;30;418;30;30;418;30;0.00543478
30;418;418;30;418;30;30;418;30;418;0.00543478
30;418;418;30;418;30;30;418;418;0.00543478
30;418;418;30;418;30;418;0.013587
30;418;418;30;418;30;418;30;0.00634058
30;418;418;30;418;30;418;30;30;0.00543478
30;418;418;30;418;30;418;30;30;418;0.00543478
30;418;418;30;418;30;418;30;418;0.00634058
30;418;418;30;418;30;418;30;418;30;0.00543478
30;418;418;30;418;30;418;30;418;30;418;0.00543478
30;418;418;30;418;30;418;30;418;418;0.00543478
30;418;418;30;418;30;418;418;0.00634058
30;418;418;30;418;30;418;418;30;0.00543478
30;418;418;30;418;30;418;418;30;418;0.00543478
30;418;418;30;418;30;418;418;418;0.00543478
30;418;418;30;418;418;0.0144928
30;418;418;30;418;418;30;0.00634058
30;418;418;30;418;418;30;30;0.00543478
30;418;418;30;418;418;30;30;418;0.00543478
30;418;418;30;418;418;30;418;0.00634058
30;418;418;30;418;418;30;418;30;0.00543478
30;418;418;30;418;418;30;418;30;418;0.00543478
30;418;418;30;418;418;30;418;418;0.00543478
30;418;418;30;418;418;418;0.00724638
30;418;418;30;418;418;418;30;0.00543478
30;418;418;30;418;418;418;30;418;0.00543478
30;418;418;30;418;418;418;418;0.00634058
30;418;418;30;418;418;418;418;418;0.00543478
30;418;418;30;418;418;418;418;418;418;0.00543478
30;418;418;385;0.00815217
30;418;418;385;30;0.00815217
30;418;418;385;30;30;0.00815217
30;418;418;385;30;30;418;0.00815217
30;418;418;385;30;418;0.00815217
30;418;418;385;30;418;30;0.00815217
30;418;418;385;30;418;30;418;0.00815217
30;418;418;385;30;418;418;0.00815217
30;418;418;385;418;0.00815217
30;418;418;385;418;30;0.00815217
30;418;418;385;418;30;418;0.00815217
30;418;418;385;418;418;0.00815217
30;418;418;418;0.0153986
30;418;418;418;30;0.0144928
30;418;418;418;30;30;0.00634058
30;418;418;418;30;30;30;0.00543478
30;418;418;418;30;30;30;418;0.00543478
30;418;418;418;30;30;418;0.00634058
30;418;418;418;30;30;418;30;0.00543478
30;418;418;418;30;30;418;30;418;0.00543478
30;418;418;418;30;30;418;418;0.00543478
30;418;418;418;30;418;0.0144928
30;418;418;418;30;418;30;0.00634058
30;418;418;418;30;418;30;30;0.00543478
30;418;418;418;30;418;30;30;418;0.00543478
30;418;418;418;30;418;30;418;0.00634058
30;418;418;418;30;418;30;418;30;0.00543478
30;418;418;418;30;418;30;418;30;418;0.00543478
30;418;418;418;30;418;30;418;418;0.00543478
30;418;418;418;30;418;418;0.00724638
30;418;418;418;30;418;418;30;0.00543478
30;418;418;418;30;418;418;30;418;0.00543478
30;418;418;418;30;418;418;418;0.00634058
30;418;418;418;30;418;418;418;418;0.00543478
30;418;418;418;30;418;418;418;418;418;0.00543478
30;418;418;418;418;0.0144928
30;418;418;418;418;30;0.00724638
30;418;418;418;418;30;30;0.00543478
30;418;418;418;418;30;30;418;0.00543478
30;418;418;418;418;30;418;0.00724638
30;418;418;418;418;30;418;30;0.00543478
30;418;418;418;418;30;418;30;418;0.00543478
30;418;418;418;418;30;418;418;0.00634058
30;418;418;418;418;30;418;418;418;0.00543478
30;418;418;418;418;30;418;418;418;418;0.00543478
30;418;418;418;418;418;0.00724638
30;418;418;418;418;418;30;0.00543478
30;418;418;418;418;418;30;418;0.00543478
30;418;418;418;418;418;418;0.00634058
30;418;418;418;418;418;418;418;0.00543478
30;418;418;418;418;418;418;418;418;0.00543478
30;433;0.0298913
30;433;30;0.0181159
30;433;30;30;0.00996377
30;433;30;30;30;0.00905797
30;433;30;30;30;30;0.00634058
30;433;30;30;30;433;0.00634058
30;433;30;30;433;0.00815217
30;433;30;30;433;30;0.00815217
30;433;30;30;433;30;30;0.00543478
30;433;30;30;433;30;433;0.00634058
30;433;30;30;433;433;0.00634058
30;433;30;433;0.0163043
30;433;30;433;30;0.00905797
30;433;30;433;30;30;0.00724638
30;433;30;433;30;30;30;0.00543478
30;433;30;433;30;30;433;0.00634058
30;433;30;433;30;433;0.00634058
30;433;30;433;30;433;30;0.00634058
30;433;30;433;30;433;30;433;0.00634058
30;433;30;433;30;433;433;0.00634058
30;433;30;433;433;0.00634058
30;433;30;433;433;30;0.00634058
30;433;30;433;433;30;433;0.00634058
30;433;30;433;433;433;0.00634058
30;433;217;0.00543478
30;433;433;0.0235507
30;433;433;30;0.00905797
30;433;433;30;30;0.00724638
30;433;433;30;30;30;0.00543478
30;433;433;30;30;433;0.00634058
30;433;433;30;433;0.00634058
30;433;433;30;433;30;0.00634058
30;433;433;30;433;30;433;0.00634058
30;433;433;30;433;433;0.00634058
30;433;433;433;0.00815217
30;433;433;433;30;0.00634058
30;433;433;433;30;433;0.00634058
30;433;433;433;433;0.00634058
30;433;437;0.00724638
30;434;0.00724638
30;434;30;0.00634058
30;434;30;30;0.00543478
30;434;30;30;433;0.00543478
30;434;30;433;0.00543478
30;434;30;433;30;0.00543478
30;434;30;433;30;433;0.00543478
30;434;30;433;433;0.00543478
30;434;30;434;0.00543478
30;434;433;0.00543478
30;434;433;30;0.00543478
30;434;433;30;433;0.00543478
30;434;433;433;0.00543478
30;434;434;0.00543478
30;437;0.0117754
30;490;0.00543478
30;490;15;0.00543478
30;490;15;30;0.00543478
30;490;30;0.00543478
32;0.0253623
32;32;0.00905797
33;0.00724638
34;0.00724638
37;0.00996377
38;0.00815217
39;0.00724638
40;0.0407609
40;56;0.00543478
40;56;433;0.00543478
40;56;452;0.00543478
40;56;452;433;0.00543478
40;433;0.0289855
40;452;0.0307971
40;452;433;0.0289855
43;0.0199275
44;0.00543478
46;0.00543478
47;0.00905797
53;0.00815217
56;0.0190217
56;433;0.00634058
56;452;0.00543478
56;452;433;0.00543478
57;0.0144928
58;0.0108696
61;0.00543478
63;0.00634058
67;0.00815217
67;68;0.00634058
67;68;69;0.00634058
67;69;0.00634058
68;0.00996377
68;69;0.00996377
69;0.00996377
70;0.0172101
70;70;0.00543478
70;423;0.00996377
73;0.00724638
74;0.00724638
76;0.00543478
77;0.00543478
78;0.00724638
79;0.0181159
79;79;0.00905797
79;79;79;0.00724638
79;79;446;0.00543478
79;427;0.00543478
79;446;0.00634058
79;446;79;0.00543478
79;446;79;446;0.00543478
79;446;446;0.00543478
80;0.00815217
84;0.00815217
84;84;0.00724638
84;84;84;0.00634058
84;84;84;84;0.00634058
84;84;84;84;84;0.00634058
84;84;84;84;84;85;0.00634058
84;84;84;84;85;0.00634058
84;84;84;85;0.00634058
84;84;85;0.00724638
84;85;0.00724638
85;0.00996377
86;0.00634058
89;0.00543478
93;0.00634058
106;0.00634058
113;0.00543478
118;0.00543478
124;0.00634058
125;0.00724638
134;0.00634058
134;440;0.00543478
149;0.00724638
152;0.0298913
152;30;0.00543478
152;149;0.00634058
152;152;0.00543478
152;228;0.00724638
158;0.00724638
161;0.00724638
166;0.00905797
172;0.00634058
173;0.00815217
174;0.0126812
174;174;0.00634058
174;174;174;0.00543478
174;174;174;174;0.00543478
174;174;174;174;421;0.00543478
174;174;174;421;0.00543478
174;174;174;421;174;0.00543478
174;174;174;421;174;421;0.00543478
174;174;174;421;421;0.00543478
174;174;421;0.00543478
174;174;421;174;0.00543478
174;174;421;174;174;0.00543478
174;174;421;174;174;421;0.00543478
174;174;421;174;421;0.00543478
174;174;421;174;421;174;0.00543478
174;174;421;174;421;174;421;0.00543478
174;174;421;174;421;421;0.00543478
174;174;421;421;0.00543478
174;174;421;421;174;0.00543478
174;174;421;421;174;421;0.00543478
174;174;421;421;421;0.00543478
174;421;0.00543478
174;421;174;0.00543478
174;421;174;174;0.00543478
174;421;174;174;174;0.00543478
174;421;174;174;174;421;0.00543478
174;421;174;174;421;0.00543478
174;421;174;174;421;174;0.00543478
174;421;174;174;421;174;421;0.00543478
174;421;174;174;421;421;0.00543478
174;421;174;421;0.00543478
174;421;174;421;174;0.00543478
174;421;174;421;174;174;0.00543478
174;421;174;421;174;174;421;0.00543478
174;421;174;421;174;421;0.00543478
174;421;174;421;174;421;174;0.00543478
174;421;174;421;174;421;174;421;0.00543478
174;421;174;421;174;421;421;0.00543478
174;421;174;421;421;0.00543478
174;421;174;421;421;174;0.00543478
174;421;174;421;421;174;421;0.00543478
174;421;174;421;421;421;0.00543478
174;421;421;0.00543478
174;421;421;174;0.00543478
174;421;421;174;174;0.00543478
174;421;421;174;174;421;0.00543478
174;421;421;174;421;0.00543478
174;421;421;174;421;174;0.00543478
174;421;421;174;421;174;421;0.00543478
174;421;421;174;421;421;0.00543478
174;421;421;421;0.00543478
174;421;421;421;174;0.00543478
174;421;421;421;174;421;0.00543478
174;421;421;421;421;0.00543478
174;468;0.00634058
176;0.0398551
176;176;0.00815217
176;177;0.0163043
176;177;177;0.00543478
176;242;0.0117754
176;242;433;0.0117754
176;242;433;594;0.00543478
176;242;594;0.00543478
176;433;0.013587
176;433;594;0.00543478
176;446;0.0144928
176;446;242;0.00996377
176;446;242;433;0.00996377
176;446;433;0.00996377
176;594;0.00543478
177;0.0190217
177;176;0.00543478
177;177;0.00543478
194;0.0108696
194;421;0.00543478
194;421;421;0.00543478
194;421;421;421;0.00543478
195;0.0208333
195;423;0.00634058
195;437;0.00634058
195;599;0.00543478
196;0.0126812
197;0.0126812
203;0.0190217
203;30;0.00815217
203;203;0.0108696
203;203;228;0.00815217
203;203;228;294;0.00634058
203;203;294;0.00634058
203;228;0.00996377
203;228;294;0.00724638
203;294;0.00724638
204;0.0317029
204;30;0.00996377
204;30;433;0.00543478
204;30;433;433;0.00543478
204;204;0.00543478
204;228;0.00815217
204;228;30;0.00543478
204;228;30;433;0.00543478
204;228;30;433;433;0.00543478
204;228;433;0.00543478
204;228;433;433;0.00543478
204;258;0.00815217
204;258;419;0.00543478
204;258;419;419;0.00543478
204;419;0.0126812
204;419;419;0.00724638
204;433;0.00543478
204;433;433;0.00543478
206;0.00905797
206;197;0.00905797
208;0.00543478
211;0.00634058
217;0.0144928
217;217;0.00543478
217;433;0.00543478
228;0.0443841
228;1;0.00543478
228;30;0.00905797
228;30;30;0.00634058
228;30;30;433;0.00634058
228;30;433;0.00815217
228;30;433;30;0.00634058
228;30;433;30;433;0.00634058
228;30;433;433;0.00815217
228;228;0.0153986
228;228;228;0.00724638
228;228;433;0.00543478
228;294;0.00724638
228;433;0.013587
228;433;30;0.00634058
228;433;30;433;0.00634058
228;433;433;0.00996377
237;0.0163043
237;237;0.00543478
240;0.00724638
242;0.0126812
242;433;0.0117754
242;433;594;0.00543478
242;594;0.00543478
244;0.00724638
245;0.00815217
246;0.00634058
246;196;0.00634058
248;0.00543478
249;0.00634058
253;0.00724638
253;440;0.00634058
254;0.0117754
256;0.00543478
257;0.00543478
258;0.0262681
258;30;0.00634058
258;204;0.00543478
258;419;0.00543478
258;419;419;0.00543478
258;433;0.00543478
260;0.00724638
264;0.00724638
264;264;0.00634058
265;0.00543478
266;0.00543478
268;0.00543478
271;0.00543478
274;0.00724638
286;0.00905797
286;287;0.00543478
286;433;0.00543478
287;0.00543478
293;0.00815217
294;0.00996377
305;0.00724638
307;0.00634058
317;0.00724638
317;40;0.00543478
317;40;433;0.00543478
317;40;452;0.00543478
317;40;452;433;0.00543478
317;433;0.00543478
317;433;40;0.00543478
317;433;40;433;0.00543478
317;433;40;452;0.00543478
317;433;40;452;433;0.00543478
317;433;433;0.00543478
317;433;452;0.00543478
317;433;452;433;0.00543478
317;446;0.00543478
317;452;0.00543478
317;452;433;0.00543478
321;0.00634058
347;0.00724638
385;0.0153986
385;30;0.0117754
385;30;30;0.00815217
385;30;30;418;0.00815217
385;30;418;0.0117754
385;30;418;30;0.00815217
385;30;418;30;418;0.00815217
385;30;418;418;0.00815217
385;418;0.0117754
385;418;30;0.00815217
385;418;30;418;0.00815217
385;418;418;0.00815217
388;0.0226449
388;40;0.0126812
388;40;433;0.0126812
388;40;452;0.0126812
388;40;452;433;0.0126812
388;433;0.0126812
388;446;0.0163043
388;446;40;0.0108696
388;446;40;433;0.0108696
388;446;40;452;0.0108696
388;446;40;452;433;0.0108696
388;446;433;0.0108696
388;446;452;0.0108696
388;446;452;433;0.0108696
388;451;0.0163043
388;451;40;0.0108696
388;451;40;433;0.0108696
388;451;40;452;0.0108696
388;451;40;452;433;0.0108696
388;451;433;0.0108696
388;451;446;0.0163043
388;451;446;40;0.0108696
388;451;446;40;433;0.0108696
388;451;446;40;452;0.0108696
388;451;446;40;452;433;0.0108696
388;451;446;433;0.0108696
388;451;446;452;0.0108696
388;451;446;452;433;0.0108696
388;451;452;0.0108696
388;451;452;433;0.0108696
388;452;0.0126812
388;452;433;0.0126812
393;0.00724638
397;0.00905797
398;0.00543478
403;0.00905797
403;32;0.00543478
403;774;0.00543478
415;0.0253623
416;0.104167
416;30;0.0344203
416;30;30;0.0235507
416;30;30;30;0.013587
416;30;30;30;30;0.00905797
416;30;30;30;418;0.00724638
416;30;30;30;433;0.00543478
416;30;30;418;0.00905797
416;30;30;418;30;0.00634058
416;30;30;418;30;418;0.00634058
416;30;30;418;418;0.00634058
416;30;30;433;0.013587
416;30;30;433;30;0.00634058
416;30;30;433;30;433;0.00543478
416;30;30;433;433;0.00724638
416;30;217;0.00634058
416;30;217;433;0.00543478
416;30;418;0.0117754
416;30;418;30;0.00724638
416;30;418;30;30;0.00634058
416;30;418;30;30;418;0.00634058
416;30;418;30;418;0.00724638
416;30;418;30;418;30;0.00634058
416;30;418;30;418;30;418;0.00634058
416;30;418;30;418;418;0.00634058
416;30;418;418;0.00724638
416;30;418;418;30;0.00634058
416;30;418;418;30;418;0.00634058
416;30;418;418;418;0.00634058
416;30;433;0.0199275
416;30;433;30;0.0126812
416;30;433;30;433;0.0117754
416;30;433;217;0.00543478
416;30;433;433;0.0172101
416;32;0.00905797
416;33;0.00543478
416;56;0.00634058
416;134;0.00543478
416;134;440;0.00543478
416;176;0.00634058
416;204;0.0217391
416;204;30;0.00724638
416;204;30;433;0.00543478
416;204;30;433;433;0.00543478
416;204;228;0.00543478
416;204;228;30;0.00543478
416;204;228;30;433;0.00543478
416;204;228;30;433;433;0.00543478
416;204;228;433;0.00543478
416;204;228;433;433;0.00543478
416;204;258;0.00815217
416;204;258;419;0.00543478
416;204;258;419;419;0.00543478
416;204;419;0.0126812
416;204;419;419;0.00724638
416;204;433;0.00543478
416;204;433;433;0.00543478
416;217;0.00815217
416;217;433;0.00543478
416;228;0.0108696
416;228;30;0.00724638
416;228;30;30;0.00543478
416;228;30;30;433;0.00543478
416;228;30;433;0.00724638
416;228;30;433;30;0.00543478
416;228;30;433;30;433;0.00543478
416;228;30;433;433;0.00724638
416;228;228;0.00543478
416;228;433;0.00724638
416;228;433;30;0.00543478
416;228;433;30;433;0.00543478
416;228;433;433;0.00724638
416;253;0.00634058
416;253;440;0.00634058
416;254;0.00905797
416;258;0.0190217
416;258;30;0.00543478
416;258;419;0.00543478
416;258;419;419;0.00543478
416;264;0.00543478
416;264;264;0.00543478
416;416;0.0298913
416;416;30;0.00543478
416;416;416;0.0144928
416;416;416;419;0.00724638
416;416;416;419;419;0.00634058
416;416;416;437;0.00543478
416;416;419;0.0126812
416;416;419;419;0.00996377
416;416;419;660;0.00543478
416;416;419;660;660;0.00543478
416;416;437;0.00724638
416;416;660;0.00724638
416;416;660;660;0.00634058
416;416;660;660;660;0.00634058
416;416;660;660;660;660;0.00634058
416;417;0.00996377
416;417;30;0.00543478
416;417;30;418;0.00543478
416;417;418;0.00543478
416;417;419;0.00543478
416;418;0.013587
416;418;30;0.00724638
416;418;30;30;0.00634058
416;418;30;30;418;0.00634058
416;418;30;418;0.00724638
416;418;30;418;30;0.00634058
416;418;30;418;30;418;0.00634058
416;418;30;418;418;0.00634058
416;418;418;0.00905797
416;418;418;30;0.00634058
416;418;418;30;418;0.00634058
416;418;418;418;0.00815217
416;418;418;418;418;0.00543478
416;419;0.0280797
416;419;30;0.00815217
416;419;30;30;0.00815217
416;419;30;30;30;0.00724638
416;419;30;30;30;30;0.00724638
416;419;32;0.00543478
416;419;228;0.00543478
416;419;416;0.00815217
416;419;416;416;0.00543478
416;419;419;0.0144928
416;419;419;416;0.00543478
416;419;419;419;0.00543478
416;419;419;660;0.00634058
416;419;419;660;660;0.00634058
416;419;660;0.00815217
416;419;660;660;0.00815217
416;419;660;660;660;0.00634058
416;419;660;660;660;660;0.00543478
416;421;0.00996377
416;427;0.00905797
416;433;0.0244565
416;433;30;0.0126812
416;433;30;433;0.0117754
416;433;217;0.00543478
416;433;433;0.0190217
416;433;437;0.00543478
416;434;0.00724638
416;437;0.0153986
416;437;437;0.00724638
416;440;0.00724638
416;441;0.00634058
416;441;134;0.00543478
416;441;134;440;0.00543478
416;441;253;0.00543478
416;441;253;440;0.00543478
416;441;440;0.00634058
416;468;0.00543478
416;660;0.00905797
416;660;660;0.00905797
416;660;660;660;0.00815217
416;660;660;660;660;0.00724638
417;0.0153986
417;30;0.00905797
417;30;30;0.00815217
417;30;30;30;0.00724638
417;30;30;30;30;0.00634058
417;30;30;30;30;30;0.00634058
417;30;418;0.00543478
417;30;433;0.00543478
417;30;433;30;0.00543478
417;418;0.00543478
417;419;0.00543478
417;433;0.00634058
417;433;30;0.00543478
417;433;433;0.00543478
417;437;0.00543478
418;0.0543478
418;15;0.00543478
418;15;418;0.00543478
418;15;427;0.00543478
418;15;427;418;0.00543478
418;30;0.0190217
418;30;30;0.0153986
418;30;30;30;0.013587
418;30;30;30;30;0.00634058
418;30;30;30;30;30;0.00634058
418;30;30;30;30;30;418;0.00634058
418;30;30;30;30;418;0.00634058
418;30;30;30;30;418;30;0.00634058
418;30;30;30;30;418;30;418;0.00634058
418;30;30;30;30;418;418;0.00634058
418;30;30;30;418;0.013587
418;30;30;30;418;30;0.00634058
418;30;30;30;418;30;30;0.00634058
418;30;30;30;418;30;30;418;0.00634058
418;30;30;30;418;30;418;0.00634058
418;30;30;30;418;30;418;30;0.00634058
418;30;30;30;418;30;418;30;418;0.00634058
418;30;30;30;418;30;418;418;0.00634058
418;30;30;30;418;418;0.00634058
418;30;30;30;418;418;30;0.00634058
418;30;30;30;418;418;30;418;0.00634058
418;30;30;30;418;418;418;0.00634058
418;30;30;418;0.0153986
418;30;30;418;30;0.013587
418;30;30;418;30;30;0.00634058
418;30;30;418;30;30;30;0.00634058
418;30;30;418;30;30;30;418;0.00634058
418;30;30;418;30;30;418;0.00634058
418;30;30;418;30;30;418;30;0.00634058
418;30;30;418;30;30;418;30;418;0.00634058
418;30;30;418;30;30;418;418;0.00634058
418;30;30;418;30;418;0.013587
418;30;30;418;30;418;30;0.00634058
418;30;30;418;30;418;30;30;0.00634058
418;30;30;418;30;418;30;30;418;0.00634058
418;30;30;418;30;418;30;418;0.00634058
418;30;30;418;30;418;30;418;30;0.00634058
418;30;30;418;30;418;30;418;30;418;0.00634058
418;30;30;418;30;418;30;418;418;0.00634058
418;30;30;418;30;418;418;0.00634058
418;30;30;418;30;418;418;30;0.00634058
418;30;30;418;30;418;418;30;418;0.00634058
418;30;30;418;30;418;418;418;0.00634058
418;30;30;418;418;0.0144928
418;30;30;418;418;30;0.00634058
418;30;30;418;418;30;30;0.00634058
418;30;30;418;418;30;30;418;0.00634058
418;30;30;418;418;30;418;0.00634058
418;30;30;418;418;30;418;30;0.00634058
418;30;30;418;418;30;418;30;418;0.00634058
418;30;30;418;418;30;418;418;0.00634058
418;30;30;418;418;418;0.00724638
418;30;30;418;418;418;30;0.00634058
418;30;30;418;418;418;30;418;0.00634058
418;30;30;418;418;418;418;0.00724638
418;30;30;418;418;418;418;418;0.00543478
418;30;30;418;418;418;418;418;418;0.00543478
418;30;385;0.00815217
418;30;385;30;0.00815217
418;30;385;30;30;0.00815217
418;30;385;30;30;418;0.00815217
418;30;385;30;418;0.00815217
418;30;385;30;418;30;0.00815217
418;30;385;30;418;30;418;0.00815217
418;30;385;30;418;418;0.00815217
418;30;385;418;0.00815217
418;30;385;418;30;0.00815217
418;30;385;418;30;418;0.00815217
418;30;385;418;418;0.00815217
418;30;418;0.0190217
418;30;418;30;0.0153986
418;30;418;30;30;0.013587
418;30;418;30;30;30;0.00634058
418;30;418;30;30;30;30;0.00634058
418;30;418;30;30;30;30;418;0.00634058
418;30;418;30;30;30;418;0.00634058
418;30;418;30;30;30;418;30;0.00634058
418;30;418;30;30;30;418;30;418;0.00634058
418;30;418;30;30;30;418;418;0.00634058
418;30;418;30;30;418;0.013587
418;30;418;30;30;418;30;0.00634058
418;30;418;30;30;418;30;30;0.00634058
418;30;418;30;30;418;30;30;418;0.00634058
418;30;418;30;30;418;30;418;0.00634058
418;30;418;30;30;418;30;418;30;0.00634058
418;30;418;30;30;418;30;418;30;418;0.00634058
418;30;418;30;30;418;30;418;418;0.00634058
418;30;418;30;30;418;418;0.00634058
418;30;418;30;30;418;418;30;0.00634058
418;30;418;30;30;418;418;30;418;0.00634058
418;30;418;30;30;418;418;418;0.00634058
418;30;418;30;418;0.0153986
418;30;418;30;418;30;0.013587
418;30;418;30;418;30;30;0.00634058
418;30;418;30;418;30;30;30;0.00634058
418;30;418;30;418;30;30;30;418;0.00634058
418;30;418;30;418;30;30;418;0.00634058
418;30;418;30;418;30;30;418;30;0.00634058
418;30;418;30;418;30;30;418;30;418;0.00634058
418;30;418;30;418;30;30;418;418;0.00634058
418;30;418;30;418;30;418;0.013587
418;30;418;30;418;30;418;30;0.00634058
418;30;418;30;418;30;418;30;30;0.00634058
418;30;418;30;418;30;418;30;30;418;0.00634058
418;30;418;30;418;30;418;30;418;0.00634058
418;30;418;30;418;30;418;30;418;30;0.00634058
418;30;418;30;418;30;418;30;418;30;418;0.00634058
418;30;418;30;418;30;418;30;418;418;0.00634058
418;30;418;30;418;30;418;418;0.00634058
418;30;418;30;418;30;418;418;30;0.00634058
418;30;418;30;418;30;418;418;30;418;0.00634058
418;30;418;30;418;30;418;418;418;0.00634058
418;30;418;30;418;418;0.0144928
418;30;418;30;418;418;30;0.00634058
418;30;418;30;418;418;30;30;0.00634058
418;30;418;30;418;418;30;30;418;0.00634058
418;30;418;30;418;418;30;418;0.00634058
418;30;418;30;418;418;30;418;30;0.00634058
418;30;418;30;418;418;30;418;30;418;0.00634058
418;30;418;30;418;418;30;418;418;0.00634058
418;30;418;30;418;418;418;0.00724638
418;30;418;30;418;418;418;30;0.00634058
418;30;418;30;418;418;418;30;418;0.00634058
418;30;418;30;418;418;418;418;0.00724638
418;30;418;30;418;418;418;418;418;0.00543478
418;30;418;30;418;418;418;418;418;418;0.00543478
418;30;418;385;0.00815217
418;30;418;385;30;0.00815217
418;30;418;385;30;30;0.00815217
418;30;418;385;30;30;418;0.00815217
418;30;418;385;30;418;0.00815217
418;30;418;385;30;418;30;0.00815217
418;30;418;385;30;418;30;418;0.00815217
418;30;418;385;30;418;418;0.00815217
418;30;418;385;418;0.00815217
418;30;418;385;418;30;0.00815217
418;30;418;385;418;30;418;0.00815217
418;30;418;385;418;418;0.00815217
418;30;418;418;0.0153986
418;30;418;418;30;0.0144928
418;30;418;418;30;30;0.00634058
418;30;418;418;30;30;30;0.00634058
418;30;418;418;30;30;30;418;0.00634058
418;30;418;418;30;30;418;0.00634058
418;30;418;418;30;30;418;30;0.00634058
418;30;418;418;30;30;418;30;418;0.00634058
418;30;418;418;30;30;418;418;0.00634058
418;30;418;418;30;418;0.0144928
418;30;418;418;30;418;30;0.00634058
418;30;418;418;30;418;30;30;0.00634058
418;30;418;418;30;418;30;30;418;0.00634058
418;30;418;418;30;418;30;418;0.00634058
418;30;418;418;30;418;30;418;30;0.00634058
418;30;418;418;30;418;30;418;30;418;0.00634058
418;30;418;418;30;418;30;418;418;0.00634058
418;30;418;418;30;418;418;0.00724638
418;30;418;418;30;418;418;30;0.00634058
418;30;418;418;30;418;418;30;418;0.00634058
418;30;418;418;30;418;418;418;0.00724638
418;30;418;418;30;418;418;418;418;0.00543478
418;30;418;418;30;418;418;418;418;418;0.00543478
418;30;418;418;418;0.0144928
418;30;418;418;418;30;0.00724638
418;30;418;418;418;30;30;0.00634058
418;30;418;418;418;30;30;418;0.00634058
418;30;418;418;418;30;418;0.00724638
418;30;418;418;418;30;418;30;0.00634058
418;30;418;418;418;30;418;30;418;0.00634058
418;30;418;418;418;30;418;418;0.00724638
418;30;418;418;418;30;418;418;418;0.00543478
418;30;418;418;418;30;418;418;418;418;0.00543478
418;30;418;418;418;418;0.00724638
418;30;418;418;418;418;30;0.00634058
418;30;418;418;418;418;30;418;0.00634058
418;30;418;418;418;418;418;0.00724638
418;30;418;418;418;418;418;418;0.00543478
418;30;418;418;418;418;418;418;418;0.00543478
418;385;0.0117754
418;385;30;0.0117754
418;385;30;30;0.00815217
418;385;30;30;418;0.00815217
418;385;30;418;0.0117754
418;385;30;418;30;0.00815217
418;385;30;418;30;418;0.00815217
418;385;30;418;418;0.00815217
418;385;418;0.0117754
418;385;418;30;0.00815217
418;385;418;30;418;0.00815217
418;385;418;418;0.00815217
418;418;0.0416667
418;418;15;0.00543478
418;418;15;418;0.00543478
418;418;15;427;0.00543478
418;418;15;427;418;0.00543478
418;418;30;0.0153986
418;418;30;30;0.013587
418;418;30;30;30;0.00634058
418;418;30;30;30;30;0.00634058
418;418;30;30;30;30;418;0.00634058
418;418;30;30;30;418;0.00634058
418;418;30;30;30;418;30;0.00634058
418;418;30;30;30;418;30;418;0.00634058
418;418;30;30;30;418;418;0.00634058
418;418;30;30;418;0.013587
418;418;30;30;418;30;0.00634058
418;418;30;30;418;30;30;0.00634058
418;418;30;30;418;30;30;418;0.00634058
418;418;30;30;418;30;418;0.00634058
418;418;30;30;418;30;418;30;0.00634058
418;418;30;30;418;30;418;30;418;0.00634058
418;418;30;30;418;30;418;418;0.00634058
418;418;30;30;418;418;0.00634058
418;418;30;30;418;418;30;0.00634058
418;418;30;30;418;418;30;418;0.00634058
418;418;30;30;418;418;418;0.00634058
418;418;30;418;0.0153986
418;418;30;418;30;0.013587
418;418;30;418;30;30;0.00634058
418;418;30;418;30;30;30;0.00634058
418;418;30;418;30;30;30;418;0.00634058
418;418;30;418;30;30;418;0.00634058
418;418;30;418;30;30;418;30;0.00634058
418;418;30;418;30;30;418;30;418;0.00634058
418;418;30;418;30;30;418;418;0.00634058
418;418;30;418;30;418;0.013587
418;418;30;418;30;418;30;0.00634058
418;418;30;418;30;418;30;30;0.00634058
418;418;30;418;30;418;30;30;418;0.00634058
418;418;30;418;30;418;30;418;0.00634058
418;418;30;418;30;418;30;418;30;0.00634058
418;418;30;418;30;418;30;418;30;418;0.00634058
418;418;30;418;30;418;30;418;418;0.00634058
418;418;30;418;30;418;418;0.00634058
418;418;30;418;30;418;418;30;0.00634058
418;418;30;418;30;418;418;30;418;0.00634058
418;418;30;418;30;418;418;418;0.00634058
418;418;30;418;418;0.0144928
418;418;30;418;418;30;0.00634058
418;418;30;418;418;30;30;0.00634058
418;418;30;418;418;30;30;418;0.00634058
418;418;30;418;418;30;418;0.00634058
418;418;30;418;418;30;418;30;0.00634058
418;418;30;418;418;30;418;30;418;0.00634058
418;418;30;418;418;30;418;418;0.00634058
418;418;30;418;418;418;0.00724638
418;418;30;418;418;418;30;0.00634058
418;418;30;418;418;418;30;418;0.00634058
418;418;30;418;418;418;418;0.00724638
418;418;30;418;418;418;418;418;0.00543478
418;418;30;418;418;418;418;418;418;0.00543478
418;418;385;0.00815217
418;418;385;30;0.00815217
418;418;385;30;30;0.00815217
418;418;385;30;30;418;0.00815217
418;418;385;30;418;0.00815217
418;418;385;30;418;30;0.00815217
418;418;385;30;418;30;418;0.00815217
418;418;385;30;418;418;0.00815217
418;418;385;418;0.00815217
418;418;385;418;30;0.00815217
418;418;385;418;30;418;0.00815217
418;418;385;418;418;0.00815217
418;418;418;0.0371377
418;418;418;30;0.0144928
418;418;418;30;30;0.00634058
418;418;418;30;30;30;0.00634058
418;418;418;30;30;30;418;0.00634058
418;418;418;30;30;418;0.00634058
418;418;418;30;30;418;30;0.00634058
418;418;418;30;30;418;30;418;0.00634058
418;418;418;30;30;418;418;0.00634058
418;418;418;30;418;0.0144928
418;418;418;30;418;30;0.00634058
418;418;418;30;418;30;30;0.00634058
418;418;418;30;418;30;30;418;0.00634058
418;418;418;30;418;30;418;0.00634058
418;418;418;30;418;30;418;30;0.00634058
418;418;418;30;418;30;418;30;418;0.00634058
418;418;418;30;418;30;418;418;0.00634058
418;418;418;30;418;418;0.00724638
418;418;418;30;418;418;30;0.00634058
418;418;418;30;418;418;30;418;0.00634058
418;418;418;30;418;418;418;0.00724638
418;418;418;30;418;418;418;418;0.00543478
418;418;418;30;418;418;418;418;418;0.00543478
418;418;418;418;0.0335145
418;418;418;418;30;0.00724638
418;418;418;418;30;30;0.00634058
418;418;418;418;30;30;418;0.00634058
418;418;418;418;30;418;0.00724638
418;418;418;418;30;418;30;0.00634058
418;418;418;418;30;418;30;418;0.00634058
418;418;418;418;30;418;418;0.00724638
418;418;418;418;30;418;418;418;0.00543478
418;418;418;418;30;418;418;418;418;0.00543478
418;418;418;418;418;0.0253623
418;418;418;418;418;30;0.00634058
418;418;418;418;418;30;418;0.00634058
418;418;418;418;418;418;0.0253623
418;418;418;418;418;418;418;0.0190217
418;418;418;418;418;418;418;418;0.0172101
418;418;418;418;418;418;418;418;418;0.0117754
418;418;418;418;418;418;418;418;418;418;0.00815217
418;418;418;418;418;418;418;418;418;418;418;0.00724638
418;418;418;418;418;418;418;418;418;418;418;418;0.00724638
418;418;418;418;418;418;418;418;418;418;418;418;418;0.00724638
418;418;418;418;418;418;418;418;418;418;418;418;418;418;0.00634058
418;418;418;418;418;418;418;418;418;418;418;418;418;418;418;0.00634058
418;418;418;418;418;418;418;418;418;418;418;418;418;418;418;418;0.00634058
418;418;418;418;418;418;418;418;418;418;418;418;418;418;418;418;418;0.00634058
418;418;418;418;418;418;418;418;418;418;418;418;418;418;418;418;418;418;0.00634058
418;418;418;418;418;418;418;418;418;418;418;418;418;418;418;418;418;418;418;0.00543478
418;418;418;418;418;418;418;418;418;418;418;418;418;418;418;418;418;418;418;418;0.00543478
418;418;418;421;0.00543478
418;418;421;0.00634058
418;418;427;0.00543478
418;418;427;418;0.00543478
418;418;490;0.00543478
418;418;490;15;0.00543478
418;418;490;15;418;0.00543478
418;418;490;15;427;0.00543478
418;418;490;15;427;418;0.00543478
418;418;490;418;0.00543478
418;418;490;427;0.00543478
418;418;490;427;418;0.00543478
418;421;0.00634058
418;427;0.00543478
418;427;418;0.00543478
418;490;0.00543478
418;490;15;0.00543478
418;490;15;418;0.00543478
418;490;15;427;0.00543478
418;490;15;427;418;0.00543478
418;490;418;0.00543478
418;490;427;0.00543478
418;490;427;418;0.00543478
419;0.0335145
419;30;0.013587
419;30;30;0.0126812
419;30;30;30;0.0108696
419;30;30;30;30;0.00996377
419;30;30;30;30;418;0.00543478
419;30;30;30;418;0.00634058
419;30;30;30;418;30;0.00543478
419;30;30;30;418;30;418;0.00543478
419;30;30;30;418;418;0.00543478
419;30;30;418;0.00724638
419;30;30;418;30;0.00543478
419;30;30;418;30;30;0.00543478
419;30;30;418;30;30;418;0.00543478
419;30;30;418;30;418;0.00543478
419;30;30;418;30;418;30;0.00543478
419;30;30;418;30;418;30;418;0.00543478
419;30;30;418;30;418;418;0.00543478
419;30;30;418;418;0.00543478
419;30;30;418;418;30;0.00543478
419;30;30;418;418;30;418;0.00543478
419;30;30;418;418;418;0.00543478
419;30;418;0.00815217
419;30;418;30;0.00543478
419;30;418;30;30;0.00543478
419;30;418;30;30;30;0.00543478
419;30;418;30;30;30;418;0.00543478
419;30;418;30;30;418;0.00543478
419;30;418;30;30;418;30;0.00543478
419;30;418;30;30;418;30;418;0.00543478
419;30;418;30;30;418;418;0.00543478
419;30;418;30;418;0.00543478
419;30;418;30;418;30;0.00543478
419;30;418;30;418;30;30;0.00543478
419;30;418;30;418;30;30;418;0.00543478
419;30;418;30;418;30;418;0.00543478
419;30;418;30;418;30;418;30;0.00543478
419;30;418;30;418;30;418;30;418;0.00543478
419;30;418;30;418;30;418;418;0.00543478
419;30;418;30;418;418;0.00543478
419;30;418;30;418;418;30;0.00543478
419;30;418;30;418;418;30;418;0.00543478
419;30;418;30;418;418;418;0.00543478
419;30;418;418;0.00543478
419;30;418;418;30;0.00543478
419;30;418;418;30;30;0.00543478
419;30;418;418;30;30;418;0.00543478
419;30;418;418;30;418;0.00543478
419;30;418;418;30;418;30;0.00543478
419;30;418;418;30;418;30;418;0.00543478
419;30;418;418;30;418;418;0.00543478
419;30;418;418;418;0.00543478
419;30;418;418;418;30;0.00543478
419;30;418;418;418;30;418;0.00543478
419;30;418;418;418;418;0.00543478
419;30;433;0.00543478
419;30;433;30;0.00543478
419;32;0.00543478
419;228;0.00634058
419;258;0.00724638
419;258;30;0.00543478
419;416;0.013587
419;416;30;0.00543478
419;416;30;418;0.00543478
419;416;416;0.00815217
419;416;418;0.00543478
419;418;0.00815217
419;418;30;0.00543478
419;418;30;30;0.00543478
419;418;30;30;30;0.00543478
419;418;30;30;30;418;0.00543478
419;418;30;30;418;0.00543478
419;418;30;30;418;30;0.00543478
419;418;30;30;418;30;418;0.00543478
419;418;30;30;418;418;0.00543478
419;418;30;418;0.00543478
419;418;30;418;30;0.00543478
419;418;30;418;30;30;0.00543478
419;418;30;418;30;30;418;0.00543478
419;418;30;418;30;418;0.00543478
419;418;30;418;30;418;30;0.00543478
419;418;30;418;30;418;30;418;0.00543478
419;418;30;418;30;418;418;0.00543478
419;418;30;418;418;0.00543478
419;418;30;418;418;30;0.00543478
419;418;30;418;418;30;418;0.00543478
419;418;30;418;418;418;0.00543478
419;418;418;0.00543478
419;418;418;30;0.00543478
419;418;418;30;30;0.00543478
419;418;418;30;30;418;0.00543478
419;418;418;30;418;0.00543478
419;418;418;30;418;30;0.00543478
419;418;418;30;418;30;418;0.00543478
419;418;418;30;418;418;0.00543478
419;418;418;418;0.00543478
419;418;418;418;30;0.00543478
419;418;418;418;30;418;0.00543478
419;418;418;418;418;0.00543478
419;419;0.0172101
419;419;416;0.00815217
419;419;419;0.00543478
419;419;660;0.00634058
419;419;660;660;0.00634058
419;433;0.00634058
419;433;30;0.00543478
419;433;433;0.00543478
419;660;0.00815217
419;660;660;0.00815217
419;660;660;660;0.00634058
419;660;660;660;660;0.00543478
421;0.076087
421;30;0.00905797
421;30;30;0.00905797
421;30;30;30;0.00543478
421;30;30;30;30;0.00543478
421;30;30;30;30;418;0.00543478
421;30;30;30;418;0.00543478
421;30;30;30;418;30;0.00543478
421;30;30;30;418;30;418;0.00543478
421;30;30;30;418;418;0.00543478
421;30;30;418;0.00905797
421;30;30;418;30;0.00543478
421;30;30;418;30;30;0.00543478
421;30;30;418;30;30;418;0.00543478
421;30;30;418;30;418;0.00543478
421;30;30;418;30;418;30;0.00543478
421;30;30;418;30;418;30;418;0.00543478
421;30;30;418;30;418;418;0.00543478
421;30;30;418;418;0.00543478
421;30;30;418;418;30;0.00543478
421;30;30;418;418;30;418;0.00543478
421;30;30;418;418;418;0.00543478
421;30;385;0.00815217
421;30;385;30;0.00815217
421;30;385;30;418;0.00815217
421;30;385;418;0.00815217
421;30;418;0.00905797
421;30;418;30;0.00905797
421;30;418;30;30;0.00543478
421;30;418;30;30;30;0.00543478
421;30;418;30;30;30;418;0.00543478
421;30;418;30;30;418;0.00543478
421;30;418;30;30;418;30;0.00543478
421;30;418;30;30;418;30;418;0.00543478
421;30;418;30;30;418;418;0.00543478
421;30;418;30;418;0.00905797
421;30;418;30;418;30;0.00543478
421;30;418;30;418;30;30;0.00543478
421;30;418;30;418;30;30;418;0.00543478
421;30;418;30;418;30;418;0.00543478
421;30;418;30;418;30;418;30;0.00543478
421;30;418;30;418;30;418;30;418;0.00543478
421;30;418;30;418;30;418;418;0.00543478
421;30;418;30;418;418;0.00543478
421;30;418;30;418;418;30;0.00543478
421;30;418;30;418;418;30;418;0.00543478
421;30;418;30;418;418;418;0.00543478
421;30;418;385;0.00815217
421;30;418;385;30;0.00815217
421;30;418;385;30;418;0.00815217
421;30;418;385;418;0.00815217
421;30;418;418;0.00905797
421;30;418;418;30;0.00543478
421;30;418;418;30;30;0.00543478
421;30;418;418;30;30;418;0.00543478
421;30;418;418;30;418;0.00543478
421;30;418;418;30;418;30;0.00543478
421;30;418;418;30;418;30;418;0.00543478
421;30;418;418;30;418;418;0.00543478
421;30;418;418;418;0.00543478
421;30;418;418;418;30;0.00543478
421;30;418;418;418;30;418;0.00543478
421;30;418;418;418;418;0.00543478
421;174;0.00543478
421;174;174;0.00543478
421;174;174;174;0.00543478
421;174;174;174;421;0.00543478
421;174;174;421;0.00543478
421;174;174;421;174;0.00543478
421;174;174;421;174;421;0.00543478
421;174;174;421;421;0.00543478
421;174;421;0.00543478
421;174;421;174;0.00543478
421;174;421;174;174;0.00543478
421;174;421;174;174;421;0.00543478
421;174;421;174;421;0.00543478
421;174;421;174;421;174;0.00543478
421;174;421;174;421;174;421;0.00543478
421;174;421;174;421;421;0.00543478
421;174;421;421;0.00543478
421;174;421;421;174;0.00543478
421;174;421;421;174;421;0.00543478
421;174;421;421;421;0.00543478
421;385;0.00815217
421;385;30;0.00815217
421;385;30;418;0.00815217
421;385;418;0.00815217
421;418;0.0126812
421;418;30;0.00905797
421;418;30;30;0.00543478
421;418;30;30;30;0.00543478
421;418;30;30;30;418;0.00543478
421;418;30;30;418;0.00543478
421;418;30;30;418;30;0.00543478
421;418;30;30;418;30;418;0.00543478
421;418;30;30;418;418;0.00543478
421;418;30;418;0.00905797
421;418;30;418;30;0.00543478
421;418;30;418;30;30;0.00543478
421;418;30;418;30;30;418;0.00543478
421;418;30;418;30;418;0.00543478
421;418;30;418;30;418;30;0.00543478
421;418;30;418;30;418;30;418;0.00543478
421;418;30;418;30;418;418;0.00543478
421;418;30;418;418;0.00543478
421;418;30;418;418;30;0.00543478
421;418;30;418;418;30;418;0.00543478
421;418;30;418;418;418;0.00543478
421;418;385;0.00815217
421;418;385;30;0.00815217
421;418;385;30;418;0.00815217
421;418;385;418;0.00815217
421;418;418;0.00905797
421;418;418;30;0.00543478
421;418;418;30;30;0.00543478
421;418;418;30;30;418;0.00543478
421;418;418;30;418;0.00543478
421;418;418;30;418;30;0.00543478
421;418;418;30;418;30;418;0.00543478
421;418;418;30;418;418;0.00543478
421;418;418;418;0.00543478
421;418;418;418;30;0.00543478
421;418;418;418;30;418;0.00543478
421;418;418;418;418;0.00543478
421;421;0.0253623
421;421;174;0.00543478
421;421;174;174;0.00543478
421;421;174;174;421;0.00543478
421;421;174;421;0.00543478
421;421;174;421;174;0.00543478
421;421;174;421;174;421;0.00543478
421;421;174;421;421;0.00543478
421;421;421;0.0199275
421;421;421;174;0.00543478
421;421;421;174;421;0.00543478
421;421;421;421;0.00996377
423;0.0561594
423;423;0.0235507
423;423;423;0.0190217
423;423;423;423;0.0144928
423;423;423;423;423;0.013587
423;423;423;423;423;423;0.013587
423;423;423;423;423;423;423;0.00996377
423;423;423;423;423;423;423;423;0.00905797
423;423;423;423;423;423;423;423;423;0.00905797
423;423;423;423;423;423;423;423;423;423;0.00905797
423;423;423;423;423;423;423;423;423;423;423;0.00905797
423;423;423;423;423;423;423;423;423;423;423;423;0.00905797
423;423;423;423;423;423;423;423;423;423;423;423;423;0.00905797
423;423;423;423;423;423;423;423;423;423;423;423;423;423;0.00724638
423;423;423;423;423;423;423;423;423;423;423;423;423;423;423;0.00724638
423;423;423;423;423;423;423;423;423;423;423;423;423;423;423;423;0.00724638
423;423;423;423;423;423;423;423;423;423;423;423;423;423;423;423;423;0.00724638
423;423;423;423;423;423;423;423;423;423;423;423;423;423;423;423;423;423;0.00724638
423;423;423;423;423;423;423;423;423;423;423;423;423;423;423;423;423;423;423;0.00724638
423;423;423;423;423;423;423;423;423;423;423;423;423;423;423;423;423;423;423;423;0.00724638
423;423;423;423;423;423;423;423;423;423;423;423;423;423;423;423;423;423;423;423;423;0.00724638
423;423;423;423;423;423;423;423;423;423;423;423;423;423;423;423;423;423;423;423;423;423;0.00724638
423;423;423;423;423;423;423;423;423;423;423;423;423;423;423;423;423;423;423;423;423;423;423;0.00724638
423;423;423;423;423;423;423;423;423;423;423;423;423;423;423;423;423;423;423;423;423;423;423;423;0.00724638
423;423;423;423;423;423;423;423;423;423;423;423;423;423;423;423;423;423;423;423;423;423;423;423;423;0.00724638
423;423;423;423;423;423;423;423;423;423;423;423;423;423;423;423;423;423;423;423;423;423;423;423;423;423;0.00724638
423;423;423;423;423;423;423;423;423;423;423;423;423;423;423;423;423;423;423;423;423;423;423;423;423;423;423;0.00724638
423;423;423;423;423;423;423;423;423;423;423;423;423;423;423;423;423;423;423;423;423;423;423;423;423;423;423;423;0.00724638
425;0.00543478
426;0.00815217
427;0.0625
427;418;0.00724638
427;418;418;0.00543478
427;423;0.00815217
427;427;0.0416667
427;427;418;0.00543478
427;427;423;0.00543478
427;427;427;0.0271739
427;427;427;418;0.00543478
427;427;427;423;0.00543478
427;427;427;427;0.0199275
427;427;427;427;427;0.013587
427;427;427;427;427;427;0.00905797
427;427;427;427;427;427;427;0.00724638
427;427;427;427;427;427;427;427;0.00634058
427;427;427;721;0.00543478
427;427;475;0.00543478
427;427;475;427;0.00543478
427;427;721;0.00543478
427;475;0.00543478
427;475;427;0.00543478
427;721;0.00634058
427;721;423;0.00543478
427;737;0.00724638
427;737;427;0.00724638
429;0.00724638
429;429;0.00634058
429;429;429;0.00634058
429;429;429;429;0.00634058
429;429;429;429;429;0.00634058
429;429;429;429;429;429;0.00634058
429;429;429;429;429;429;429;0.00634058
429;429;429;429;429;429;429;429;0.00634058
429;429;429;429;429;429;429;429;437;0.00543478
429;429;429;429;429;429;429;433;0.00543478
429;429;429;429;429;429;429;433;429;0.00543478
429;429;429;429;429;429;429;433;429;437;0.00543478
429;429;429;429;429;429;429;433;437;0.00543478
429;429;429;429;429;429;429;437;0.00543478
429;429;429;429;429;429;433;0.00543478
429;429;429;429;429;429;433;429;0.00543478
429;429;429;429;429;429;433;429;429;0.00543478
429;429;429;429;429;429;433;429;429;437;0.00543478
429;429;429;429;429;429;433;429;437;0.00543478
429;429;429;429;429;429;433;437;0.00543478
429;429;429;429;429;429;437;0.00543478
429;429;429;429;429;433;0.00543478
429;429;429;429;429;433;429;0.00543478
429;429;429;429;429;433;429;429;0.00543478
429;429;429;429;429;433;429;429;437;0.00543478
429;429;429;429;429;433;429;437;0.00543478
429;429;429;429;429;433;437;0.00543478
429;429;429;429;429;437;0.00543478
429;429;429;429;433;0.00543478
429;429;429;429;433;429;0.00543478
429;429;429;429;433;429;429;0.00543478
429;429;429;429;433;429;429;429;0.00543478
429;429;429;429;433;429;429;429;429;0.00543478
429;429;429;429;433;429;429;429;429;437;0.00543478
429;429;429;429;433;429;429;429;433;0.00543478
429;429;429;429;433;429;429;429;433;429;0.00543478
429;429;429;429;433;429;429;429;433;429;437;0.00543478
429;429;429;429;433;429;429;429;433;437;0.00543478
429;429;429;429;433;429;429;429;437;0.00543478
429;429;429;429;433;429;429;433;0.00543478
429;429;429;429;433;429;429;433;429;0.00543478
429;429;429;429;433;429;429;433;429;429;0.00543478
429;429;429;429;433;429;429;433;429;429;437;0.00543478
429;429;429;429;433;429;429;433;429;437;0.00543478
429;429;429;429;433;429;429;433;437;0.00543478
429;429;429;429;433;429;429;437;0.00543478
429;429;429;429;433;429;433;0.00543478
429;429;429;429;433;429;433;429;0.00543478
429;429;429;429;433;429;433;429;429;0.00543478
429;429;429;429;433;429;433;429;429;437;0.00543478
429;429;429;429;433;429;433;429;437;0.00543478
429;429;429;429;433;429;433;437;0.00543478
429;429;429;429;433;429;437;0.00543478
429;429;429;429;433;433;0.00543478
429;429;429;429;433;433;429;0.00543478
429;429;429;429;433;433;429;429;0.00543478
429;429;429;429;433;433;429;429;437;0.00543478
429;429;429;429;433;433;429;437;0.00543478
429;429;429;429;433;433;437;0.00543478
429;429;429;429;433;437;0.00543478
429;429;429;429;437;0.00543478
429;429;429;433;0.00543478
429;429;429;433;429;0.00543478
429;429;429;433;429;429;0.00543478
429;429;429;433;429;429;429;0.00543478
429;429;429;433;429;429;429;429;0.00543478
429;429;429;433;429;429;429;429;437;0.00543478
429;429;429;433;429;429;429;433;0.00543478
429;429;429;433;429;429;429;433;429;0.00543478
429;429;429;433;429;429;429;433;429;437;0.00543478
429;429;429;433;429;429;429;433;437;0.00543478
429;429;429;433;429;429;429;437;0.00543478
429;429;429;433;429;429;433;0.00543478
429;429;429;433;429;429;433;429;0.00543478
429;429;429;433;429;429;433;429;429;0.00543478
429;429;429;433;429;429;433;429;429;437;0.00543478
429;429;429;433;429;429;433;429;437;0.00543478
429;429;429;433;429;429;433;437;0.00543478
429;429;429;433;429;429;437;0.00543478
429;429;429;433;429;433;0.00543478
429;429;429;433;429;433;429;0.00543478
429;429;429;433;429;433;429;429;0.00543478
429;429;429;433;429;433;429;429;437;0.00543478
429;429;429;433;429;433;429;437;0.00543478
429;429;429;433;429;433;437;0.00543478
429;429;429;433;429;437;0.00543478
429;429;429;433;433;0.00543478
429;429;429;433;433;429;0.00543478
429;429;429;433;433;429;429;0.00543478
429;429;429;433;433;429;429;437;0.00543478
429;429;429;433;433;429;437;0.00543478
429;429;429;433;433;437;0.00543478
429;429;429;433;437;0.00543478
429;429;429;437;0.00543478
429;429;433;0.00543478
429;429;433;429;0.00543478
429;429;433;429;429;0.00543478
429;429;433;429;429;429;0.00543478
429;429;433;429;429;429;429;0.00543478
429;429;433;429;429;429;429;429;0.00543478
429;429;433;429;429;429;429;429;437;0.00543478
429;429;433;429;429;429;429;437;0.00543478
429;429;433;429;429;429;433;0.00543478
429;429;433;429;429;429;433;429;0.00543478
429;429;433;429;429;429;433;429;429;0.00543478
429;429;433;429;429;429;433;429;429;437;0.00543478
429;429;433;429;429;429;433;429;437;0.00543478
429;429;433;429;429;429;433;437;0.00543478
429;429;433;429;429;429;437;0.00543478
429;429;433;429;429;433;0.00543478
429;429;433;429;429;433;429;0.00543478
429;429;433;429;429;433;429;429;0.00543478
429;429;433;429;429;433;429;429;437;0.00543478
429;429;433;429;429;433;429;437;0.00543478
429;429;433;429;429;433;437;0.00543478
429;429;433;429;429;437;0.00543478
429;429;433;429;433;0.00543478
429;429;433;429;433;429;0.00543478
429;429;433;429;433;429;429;0.00543478
429;429;433;429;433;429;429;437;0.00543478
429;429;433;429;433;429;437;0.00543478
429;429;433;429;433;437;0.00543478
429;429;433;429;437;0.00543478
429;429;433;433;0.00543478
429;429;433;433;429;0.00543478
429;429;433;433;429;429;0.00543478
429;429;433;433;429;429;437;0.00543478
429;429;433;433;429;437;0.00543478
429;429;433;433;437;0.00543478
429;429;433;437;0.00543478
429;429;437;0.00543478
429;433;0.00634058
429;433;429;0.00543478
429;433;429;429;0.00543478
429;433;429;429;429;0.00543478
429;433;429;429;429;429;0.00543478
429;433;429;429;429;429;429;0.00543478
429;433;429;429;429;429;429;429;0.00543478
429;433;429;429;429;429;429;429;433;0.00543478
429;433;429;429;429;429;429;429;433;437;0.00543478
429;433;429;429;429;429;429;429;437;0.00543478
429;433;429;429;429;429;429;433;0.00543478
429;433;429;429;429;429;429;433;429;0.00543478
429;433;429;429;429;429;429;433;429;437;0.00543478
429;433;429;429;429;429;429;433;437;0.00543478
429;433;429;429;429;429;429;437;0.00543478
429;433;429;429;429;429;433;0.00543478
429;433;429;429;429;429;433;429;0.00543478
429;433;429;429;429;429;433;429;429;0.00543478
429;433;429;429;429;429;433;429;429;437;0.00543478
429;433;429;429;429;429;433;429;437;0.00543478
429;433;429;429;429;429;433;437;0.00543478
429;433;429;429;429;429;437;0.00543478
429;433;429;429;429;433;0.00543478
429;433;429;429;429;433;429;0.00543478
429;433;429;429;429;433;429;429;0.00543478
429;433;429;429;429;433;429;429;429;0.00543478
429;433;429;429;429;433;429;429;429;433;0.00543478
429;433;429;429;429;433;429;429;429;433;437;0.00543478
429;433;429;429;429;433;429;429;429;437;0.00543478
429;433;429;429;429;433;429;429;433;0.00543478
429;433;429;429;429;433;429;429;433;429;0.00543478
429;433;429;429;429;433;429;429;433;429;437;0.00543478
429;433;429;429;429;433;429;429;433;437;0.00543478
429;433;429;429;429;433;429;429;437;0.00543478
429;433;429;429;429;433;429;433;0.00543478
429;433;429;429;429;433;429;433;429;0.00543478
429;433;429;429;429;433;429;433;429;429;0.00543478
429;433;429;429;429;433;429;433;429;429;437;0.00543478
429;433;429;429;429;433;429;433;429;437;0.00543478
429;433;429;429;429;433;429;433;437;0.00543478
429;433;429;429;429;433;429;437;0.00543478
429;433;429;429;429;433;433;0.00543478
429;433;429;429;429;433;433;429;0.00543478
429;433;429;429;429;433;433;429;429;0.00543478
429;433;429;429;429;433;433;429;429;437;0.00543478
429;433;429;429;429;433;433;429;437;0.00543478
429;433;429;429;429;433;433;437;0.00543478
429;433;429;429;429;433;437;0.00543478
429;433;429;429;429;437;0.00543478
429;433;429;429;433;0.00543478
429;433;429;429;433;429;0.00543478
429;433;429;429;433;429;429;0.00543478
429;433;429;429;433;429;429;429;0.00543478
429;433;429;429;433;429;429;429;429;0.00543478
429;433;429;429;433;429;429;429;429;437;0.00543478
429;433;429;429;433;429;429;429;433;0.00543478
429;433;429;429;433;429;429;429;433;429;0.00543478
429;433;429;429;433;429;429;429;433;429;437;0.00543478
429;433;429;429;433;429;429;429;433;437;0.00543478
429;433;429;429;433;429;429;429;437;0.00543478
429;433;429;429;433;429;429;433;0.00543478
429;433;429;429;433;429;429;433;429;0.00543478
429;433;429;429;433;429;429;433;429;429;0.00543478
429;433;429;429;433;429;429;433;429;429;437;0.00543478
429;433;429;429;433;429;429;433;429;437;0.00543478
429;433;429;429;433;429;429;433;437;0.00543478
429;433;429;429;433;429;429;437;0.00543478
429;433;429;429;433;429;433;0.00543478
429;433;429;429;433;429;433;429;0.00543478
429;433;429;429;433;429;433;429;429;0.00543478
429;433;429;429;433;429;433;429;429;437;0.00543478
429;433;429;429;433;429;433;429;437;0.00543478
429;433;429;429;433;429;433;437;0.00543478
429;433;429;429;433;429;437;0.00543478
429;433;429;429;433;433;0.00543478
429;433;429;429;433;433;429;0.00543478
429;433;429;429;433;433;429;429;0.00543478
429;433;429;429;433;433;429;429;437;0.00543478
429;433;429;429;433;433;429;437;0.00543478
429;433;429;429;433;433;437;0.00543478
429;433;429;429;433;437;0.00543478
429;433;429;429;437;0.00543478
429;433;429;433;0.00543478
429;433;429;433;429;0.00543478
429;433;429;433;429;429;0.00543478
429;433;429;433;429;429;429;0.00543478
429;433;429;433;429;429;429;429;0.00543478
429;433;429;433;429;429;429;429;437;0.00543478
429;433;429;433;429;429;429;433;0.00543478
429;433;429;433;429;429;429;433;429;0.00543478
429;433;429;433;429;429;429;433;429;437;0.00543478
429;433;429;433;429;429;429;433;437;0.00543478
429;433;429;433;429;429;429;437;0.00543478
429;433;429;433;429;429;433;0.00543478
429;433;429;433;429;429;433;429;0.00543478
429;433;429;433;429;429;433;429;429;0.00543478
429;433;429;433;429;429;433;429;429;437;0.00543478
429;433;429;433;429;429;433;429;437;0.00543478
429;433;429;433;429;429;433;437;0.00543478
429;433;429;433;429;429;437;0.00543478
429;433;429;433;429;433;0.00543478
429;433;429;433;429;433;429;0.00543478
429;433;429;433;429;433;429;429;0.00543478
429;433;429;433;429;433;429;429;437;0.00543478
429;433;429;433;429;433;429;437;0.00543478
429;433;429;433;429;433;437;0.00543478
429;433;429;433;429;437;0.00543478
429;433;429;433;433;0.00543478
429;433;429;433;433;429;0.00543478
429;433;429;433;433;429;429;0.00543478
429;433;429;433;433;429;429;437;0.00543478
429;433;429;433;433;429;437;0.00543478
429;433;429;433;433;437;0.00543478
429;433;429;433;437;0.00543478
429;433;429;437;0.00543478
429;433;433;0.00543478
429;433;433;429;0.00543478
429;433;433;429;429;0.00543478
429;433;433;429;429;429;0.00543478
429;433;433;429;429;429;429;0.00543478
429;433;433;429;429;429;429;437;0.00543478
429;433;433;429;429;429;433;0.00543478
429;433;433;429;429;429;433;429;0.00543478
429;433;433;429;429;429;433;429;437;0.00543478
429;433;433;429;429;429;433;437;0.00543478
429;433;433;429;429;429;437;0.00543478
429;433;433;429;429;433;0.00543478
429;433;433;429;429;433;429;0.00543478
429;433;433;429;429;433;429;429;0.00543478
429;433;433;429;429;433;429;429;437;0.00543478
429;433;433;429;429;433;429;437;0.00543478
429;433;433;429;429;433;437;0.00543478
429;433;433;429;429;437;0.00543478
429;433;433;429;433;0.00543478
429;433;433;429;433;429;0.00543478
429;433;433;429;433;429;429;0.00543478
429;433;433;429;433;429;429;437;0.00543478
429;433;433;429;433;429;437;0.00543478
429;433;433;429;433;437;0.00543478
429;433;433;429;437;0.00543478
429;433;433;433;0.00543478
429;433;433;433;429;0.00543478
429;433;433;433;429;429;0.00543478
429;433;433;433;429;429;437;0.00543478
429;433;433;433;429;437;0.00543478
429;433;433;433;437;0.00543478
429;433;433;437;0.00543478
429;433;437;0.00543478
429;437;0.00543478
430;0.0208333
430;421;0.00543478
430;430;0.0144928
430;430;421;0.00543478
430;430;430;0.00996377
430;430;430;430;0.00724638
431;0.00815217
431;32;0.00543478
433;0.0978261
433;30;0.0181159
433;30;30;0.00996377
433;30;30;30;0.00905797
433;30;30;30;30;0.00634058
433;30;30;30;433;0.00634058
433;30;30;433;0.00815217
433;30;30;433;30;0.00815217
433;30;30;433;30;30;0.00543478
433;30;30;433;30;433;0.00634058
433;30;30;433;433;0.00634058
433;30;433;0.0163043
433;30;433;30;0.00905797
433;30;433;30;30;0.00724638
433;30;433;30;30;30;0.00543478
433;30;433;30;30;433;0.00634058
433;30;433;30;433;0.00634058
433;30;433;30;433;30;0.00634058
433;30;433;30;433;30;433;0.00634058
433;30;433;30;433;433;0.00634058
433;30;433;433;0.00634058
433;30;433;433;30;0.00634058
433;30;433;433;30;433;0.00634058
433;30;433;433;433;0.00634058
433;40;0.00543478
433;40;433;0.00543478
433;40;452;0.00543478
433;40;452;433;0.00543478
433;217;0.00543478
433;228;0.00724638
433;228;433;0.00724638
433;429;0.00543478
433;429;429;0.00543478
433;429;429;429;0.00543478
433;429;429;429;429;0.00543478
433;429;429;429;429;429;0.00543478
433;429;429;429;429;429;429;0.00543478
433;429;429;429;429;429;429;433;0.00543478
433;429;429;429;429;429;429;433;437;0.00543478
433;429;429;429;429;429;429;437;0.00543478
433;429;429;429;429;429;433;0.00543478
433;429;429;429;429;429;433;429;0.00543478
433;429;429;429;429;429;433;429;437;0.00543478
433;429;429;429;429;429;433;437;0.00543478
433;429;429;429;429;429;437;0.00543478
433;429;429;429;429;433;0.00543478
433;429;429;429;429;433;429;0.00543478
433;429;429;429;429;433;429;429;0.00543478
433;429;429;429;429;433;429;429;433;0.00543478
433;429;429;429;429;433;429;429;433;437;0.00543478
433;429;429;429;429;433;429;429;437;0.00543478
433;429;429;429;429;433;429;433;0.00543478
433;429;429;429;429;433;429;433;429;0.00543478
433;429;429;429;429;433;429;433;429;437;0.00543478
433;429;429;429;429;433;429;433;437;0.00543478
433;429;429;429;429;433;429;437;0.00543478
433;429;429;429;429;433;433;0.00543478
433;429;429;429;429;433;433;429;0.00543478
433;429;429;429;429;433;433;429;429;0.00543478
433;429;429;429;429;433;433;429;429;437;0.00543478
433;429;429;429;429;433;433;429;437;0.00543478
433;429;429;429;429;433;433;437;0.00543478
433;429;429;429;429;433;437;0.00543478
433;429;429;429;429;437;0.00543478
433;429;429;429;433;0.00543478
433;429;429;429;433;429;0.00543478
433;429;429;429;433;429;429;0.00543478
433;429;429;429;433;429;429;429;0.00543478
433;429;429;429;433;429;429;429;433;0.00543478
433;429;429;429;433;429;429;429;433;437;0.00543478
433;429;429;429;433;429;429;429;437;0.00543478
433;429;429;429;433;429;429;433;0.00543478
433;429;429;429;433;429;429;433;429;0.00543478
433;429;429;429;433;429;429;433;429;437;0.00543478
433;429;429;429;433;429;429;433;437;0.00543478
433;429;429;429;433;429;429;437;0.00543478
433;429;429;429;433;429;433;0.00543478
433;429;429;429;433;429;433;429;0.00543478
433;429;429;429;433;429;433;429;429;0.00543478
433;429;429;429;433;429;433;429;429;437;0.00543478
433;429;429;429;433;429;433;429;437;0.00543478
433;429;429;429;433;429;433;437;0.00543478
433;429;429;429;433;429;437;0.00543478
433;429;429;429;433;433;0.00543478
433;429;429;429;433;433;429;0.00543478
433;429;429;429;433;433;429;429;0.00543478
433;429;429;429;433;433;429;429;437;0.00543478
433;429;429;429;433;433;429;437;0.00543478
433;429;429;429;433;433;437;0.00543478
433;429;429;429;433;437;0.00543478
433;429;429;429;437;0.00543478
433;429;429;433;0.00543478
433;429;429;433;429;0.00543478
433;429;429;433;429;429;0.00543478
433;429;429;433;429;429;429;0.00543478
433;429;429;433;429;429;429;429;0.00543478
433;429;429;433;429;429;429;429;437;0.00543478
433;429;429;433;429;429;429;433;0.00543478
433;429;429;433;429;429;429;433;429;0.00543478
433;429;429;433;429;429;429;433;429;437;0.00543478
433;429;429;433;429;429;429;433;437;0.00543478
433;429;429;433;429;429;429;437;0.00543478
433;429;429;433;429;429;433;0.00543478
433;429;429;433;429;429;433;429;0.00543478
433;429;429;433;429;429;433;429;429;0.00543478
433;429;429;433;429;429;433;429;429;437;0.00543478
433;429;429;433;429;429;433;429;437;0.00543478
433;429;429;433;429;429;433;437;0.00543478
433;429;429;433;429;429;437;0.00543478
433;429;429;433;429;433;0.00543478
433;429;429;433;429;433;429;0.00543478
433;429;429;433;429;433;429;429;0.00543478
433;429;429;433;429;433;429;429;437;0.00543478
433;429;429;433;429;433;429;437;0.00543478
433;429;429;433;429;433;437;0.00543478
433;429;429;433;429;437;0.00543478
433;429;429;433;433;0.00543478
433;429;429;433;433;429;0.00543478
433;429;429;433;433;429;429;0.00543478
433;429;429;433;433;429;429;437;0.00543478
433;429;429;433;433;429;437;0.00543478
433;429;429;433;433;437;0.00543478
433;429;429;433;437;0.00543478
433;429;429;437;0.00543478
433;429;433;0.00543478
433;429;433;429;0.00543478
433;429;433;429;429;0.00543478
433;429;433;429;429;429;0.00543478
433;429;433;429;429;429;429;0.00543478
433;429;433;429;429;429;429;433;0.00543478
433;429;433;429;429;429;429;433;437;0.00543478
433;429;433;429;429;429;429;437;0.00543478
433;429;433;429;429;429;433;0.00543478
433;429;433;429;429;429;433;429;0.00543478
433;429;433;429;429;429;433;429;433;0.00543478
433;429;433;429;429;429;433;429;433;437;0.00543478
433;429;433;429;429;429;433;429;437;0.00543478
433;429;433;429;429;429;433;433;0.00543478
433;429;433;429;429;429;433;433;429;0.00543478
433;429;433;429;429;429;433;433;429;437;0.00543478
433;429;433;429;429;429;433;433;437;0.00543478
433;429;433;429;429;429;433;437;0.00543478
433;429;433;429;429;429;437;0.00543478
433;429;433;429;429;433;0.00543478
433;429;433;429;429;433;429;0.00543478
433;429;433;429;429;433;429;429;0.00543478
433;429;433;429;429;433;429;429;433;0.00543478
433;429;433;429;429;433;429;429;433;437;0.00543478
433;429;433;429;429;433;429;429;437;0.00543478
433;429;433;429;429;433;429;433;0.00543478
433;429;433;429;429;433;429;433;429;0.00543478
433;429;433;429;429;433;429;433;429;437;0.00543478
433;429;433;429;429;433;429;433;437;0.00543478
433;429;433;429;429;433;429;437;0.00543478
433;429;433;429;429;433;433;0.00543478
433;429;433;429;429;433;433;429;0.00543478
433;429;433;429;429;433;433;429;429;0.00543478
433;429;433;429;429;433;433;429;429;437;0.00543478
433;429;433;429;429;433;433;429;437;0.00543478
433;429;433;429;429;433;433;437;0.00543478
433;429;433;429;429;433;437;0.00543478
433;429;433;429;429;437;0.00543478
433;429;433;429;433;0.00543478
433;429;433;429;433;429;0.00543478
433;429;433;429;433;429;429;0.00543478
433;429;433;429;433;429;429;429;0.00543478
433;429;433;429;433;429;429;429;433;0.00543478
433;429;433;429;433;429;429;429;433;437;0.00543478
433;429;433;429;433;429;429;429;437;0.00543478
433;429;433;429;433;429;429;433;0.00543478
433;429;433;429;433;429;429;433;429;0.00543478
433;429;433;429;433;429;429;433;429;437;0.00543478
433;429;433;429;433;429;429;433;437;0.00543478
433;429;433;429;433;429;429;437;0.00543478
433;429;433;429;433;429;433;0.00543478
433;429;433;429;433;429;433;429;0.00543478
433;429;433;429;433;429;433;429;429;0.00543478
433;429;433;429;433;429;433;429;429;437;0.00543478
433;429;433;429;433;429;433;429;437;0.00543478
433;429;433;429;433;429;433;437;0.00543478
433;429;433;429;433;429;437;0.00543478
433;429;433;429;433;433;0.00543478
433;429;433;429;433;433;429;0.00543478
433;429;433;429;433;433;429;429;0.00543478
433;429;433;429;433;433;429;429;437;0.00543478
433;429;433;429;433;433;429;437;0.00543478
433;429;433;429;433;433;437;0.00543478
433;429;433;429;433;437;0.00543478
433;429;433;429;437;0.00543478
433;429;433;433;0.00543478
433;429;433;433;429;0.00543478
433;429;433;433;429;429;0.00543478
433;429;433;433;429;429;429;0.00543478
433;429;433;433;429;429;429;433;0.00543478
433;429;433;433;429;429;429;433;437;0.00543478
433;429;433;433;429;429;429;437;0.00543478
433;429;433;433;429;429;433;0.00543478
433;429;433;433;429;429;433;429;0.00543478
433;429;433;433;429;429;433;429;437;0.00543478
433;429;433;433;429;429;433;437;0.00543478
433;429;433;433;429;429;437;0.00543478
433;429;433;433;429;433;0.00543478
433;429;433;433;429;433;429;0.00543478
433;429;433;433;429;433;429;429;0.00543478
433;429;433;433;429;433;429;429;437;0.00543478
433;429;433;433;429;433;429;437;0.00543478
433;429;433;433;429;433;437;0.00543478
433;429;433;433;429;437;0.00543478
433;429;433;433;433;0.00543478
433;429;433;433;433;429;0.00543478
433;429;433;433;433;429;429;0.00543478
433;429;433;433;433;429;429;437;0.00543478
433;429;433;433;433;429;437;0.00543478
433;429;433;433;433;437;0.00543478
433;429;433;433;437;0.00543478
433;429;433;437;0.00543478
433;429;437;0.00543478
433;433;0.0452899
433;433;30;0.00905797
433;433;30;30;0.00724638
433;433;30;30;30;0.00543478
433;433;30;30;433;0.00634058
433;433;30;433;0.00634058
433;433;30;433;30;0.00634058
433;433;30;433;30;433;0.00634058
433;433;30;433;433;0.00634058
433;433;429;0.00543478
433;433;429;429;0.00543478
433;433;429;429;429;0.00543478
433;433;429;429;429;429;0.00543478
433;433;429;429;429;429;433;0.00543478
433;433;429;429;429;429;433;437;0.00543478
433;433;429;429;429;429;437;0.00543478
433;433;429;429;429;433;0.00543478
433;433;429;429;429;433;429;0.00543478
433;433;429;429;429;433;429;433;0.00543478
433;433;429;429;429;433;429;433;437;0.00543478
433;433;429;429;429;433;429;437;0.00543478
433;433;429;429;429;433;433;0.00543478
433;433;429;429;429;433;433;429;0.00543478
433;433;429;429;429;433;433;429;437;0.00543478
433;433;429;429;429;433;433;437;0.00543478
433;433;429;429;429;433;437;0.00543478
433;433;429;429;429;437;0.00543478
433;433;429;429;433;0.00543478
433;433;429;429;433;429;0.00543478
433;433;429;429;433;429;429;0.00543478
433;433;429;429;433;429;429;433;0.00543478
433;433;429;429;433;429;429;433;437;0.00543478
433;433;429;429;433;429;429;437;0.00543478
433;433;429;429;433;429;433;0.00543478
433;433;429;429;433;429;433;429;0.00543478
433;433;429;429;433;429;433;429;437;0.00543478
433;433;429;429;433;429;433;437;0.00543478
433;433;429;429;433;429;437;0.00543478
433;433;429;429;433;433;0.00543478
433;433;429;429;433;433;429;0.00543478
433;433;429;429;433;433;429;429;0.00543478
433;433;429;429;433;433;429;429;437;0.00543478
433;433;429;429;433;433;429;437;0.00543478
433;433;429;429;433;433;437;0.00543478
433;433;429;429;433;437;0.00543478
433;433;429;429;437;0.00543478
433;433;429;433;0.00543478
433;433;429;433;429;0.00543478
433;433;429;433;429;429;0.00543478
433;433;429;433;429;429;429;0.00543478
433;433;429;433;429;429;429;433;0.00543478
433;433;429;433;429;429;429;433;437;0.00543478
433;433;429;433;429;429;429;437;0.00543478
433;433;429;433;429;429;433;0.00543478
433;433;429;433;429;429;433;429;0.00543478
433;433;429;433;429;429;433;429;433;0.00543478
433;433;429;433;429;429;433;429;433;437;0.00543478
433;433;429;433;429;429;433;429;437;0.00543478
433;433;429;433;429;429;433;433;0.00543478
433;433;429;433;429;429;433;433;429;0.00543478
433;433;429;433;429;429;433;433;429;437;0.00543478
433;433;429;433;429;429;433;433;437;0.00543478
433;433;429;433;429;429;433;437;0.00543478
433;433;429;433;429;429;437;0.00543478
433;433;429;433;429;433;0.00543478
433;433;429;433;429;433;429;0.00543478
433;433;429;433;429;433;429;429;0.00543478
433;433;429;433;429;433;429;429;433;0.00543478
433;433;429;433;429;433;429;429;433;437;0.00543478
433;433;429;433;429;433;429;429;437;0.00543478
433;433;429;433;429;433;429;433;0.00543478
433;433;429;433;429;433;429;433;429;0.00543478
433;433;429;433;429;433;429;433;429;437;0.00543478
433;433;429;433;429;433;429;433;437;0.00543478
433;433;429;433;429;433;429;437;0.00543478
433;433;429;433;429;433;433;0.00543478
433;433;429;433;429;433;433;429;0.00543478
433;433;429;433;429;433;433;429;429;0.00543478
433;433;429;433;429;433;433;429;429;437;0.00543478
433;433;429;433;429;433;433;429;437;0.00543478
433;433;429;433;429;433;433;437;0.00543478
433;433;429;433;429;433;437;0.00543478
433;433;429;433;429;437;0.00543478
433;433;429;433;433;0.00543478
433;433;429;433;433;429;0.00543478
433;433;429;433;433;429;429;0.00543478
433;433;429;433;433;429;429;429;0.00543478
433;433;429;433;433;429;429;429;433;0.00543478
433;433;429;433;433;429;429;429;433;437;0.00543478
433;433;429;433;433;429;429;429;437;0.00543478
433;433;429;433;433;429;429;433;0.00543478
433;433;429;433;433;429;429;433;429;0.00543478
433;433;429;433;433;429;429;433;429;437;0.00543478
433;433;429;433;433;429;429;433;437;0.00543478
433;433;429;433;433;429;429;437;0.00543478
433;433;429;433;433;429;433;0.00543478
433;433;429;433;433;429;433;429;0.00543478
433;433;429;433;433;429;433;429;429;0.00543478
433;433;429;433;433;429;433;429;429;437;0.00543478
433;433;429;433;433;429;433;429;437;0.00543478
433;433;429;433;433;429;433;437;0.00543478
433;433;429;433;433;429;437;0.00543478
433;433;429;433;433;433;0.00543478
433;433;429;433;433;433;429;0.00543478
433;433;429;433;433;433;429;429;0.00543478
433;433;429;433;433;433;429;429;437;0.00543478
433;433;429;433;433;433;429;437;0.00543478
433;433;429;433;433;433;437;0.00543478
433;433;429;433;433;437;0.00543478
433;433;429;433;437;0.00543478
433;433;429;437;0.00543478
433;433;433;0.013587
433;433;433;30;0.00634058
433;433;433;30;433;0.00634058
433;433;433;429;0.00543478
433;433;433;429;429;0.00543478
433;433;433;429;429;429;0.00543478
433;433;433;429;429;429;433;0.00543478
433;433;433;429;429;429;433;437;0.00543478
433;433;433;429;429;429;437;0.00543478
433;433;433;429;429;433;0.00543478
433;433;433;429;429;433;429;0.00543478
433;433;433;429;429;433;429;433;0.00543478
433;433;433;429;429;433;429;433;437;0.00543478
433;433;433;429;429;433;429;437;0.00543478
433;433;433;429;429;433;433;0.00543478
433;433;433;429;429;433;433;429;0.00543478
433;433;433;429;429;433;433;429;437;0.00543478
433;433;433;429;429;433;433;437;0.00543478
433;433;433;429;429;433;437;0.00543478
433;433;433;429;429;437;0.00543478
433;433;433;429;433;0.00543478
433;433;433;429;433;429;0.00543478
433;433;433;429;433;429;429;0.00543478
433;433;433;429;433;429;429;433;0.00543478
433;433;433;429;433;429;429;433;437;0.00543478
433;433;433;429;433;429;429;437;0.00543478
433;433;433;429;433;429;433;0.00543478
433;433;433;429;433;429;433;429;0.00543478
433;433;433;429;433;429;433;429;433;0.00543478
433;433;433;429;433;429;433;429;433;437;0.00543478
433;433;433;429;433;429;433;429;437;0.00543478
433;433;433;429;433;429;433;433;0.00543478
433;433;433;429;433;429;433;433;429;0.00543478
433;433;433;429;433;429;433;433;429;437;0.00543478
433;433;433;429;433;429;433;433;437;0.00543478
433;433;433;429;433;429;433;437;0.00543478
433;433;433;429;433;429;437;0.00543478
433;433;433;429;433;433;0.00543478
433;433;433;429;433;433;429;0.00543478
433;433;433;429;433;433;429;429;0.00543478
433;433;433;429;433;433;429;429;433;0.00543478
433;433;433;429;433;433;429;429;433;437;0.00543478
433;433;433;429;433;433;429;429;437;0.00543478
433;433;433;429;433;433;429;433;0.00543478
433;433;433;429;433;433;429;433;429;0.00543478
433;433;433;429;433;433;429;433;429;437;0.00543478
433;433;433;429;433;433;429;433;437;0.00543478
433;433;433;429;433;433;429;437;0.00543478
433;433;433;429;433;433;433;0.00543478
433;433;433;429;433;433;433;429;0.00543478
433;433;433;429;433;433;433;429;437;0.00543478
433;433;433;429;433;433;433;437;0.00543478
433;433;433;429;433;433;437;0.00543478
433;433;433;429;433;437;0.00543478
433;433;433;429;437;0.00543478
433;433;433;433;0.00996377
433;433;433;433;429;0.00543478
433;433;433;433;429;429;0.00543478
433;433;433;433;429;429;429;0.00543478
433;433;433;433;429;429;429;433;0.00543478
433;433;433;433;429;429;429;433;437;0.00543478
433;433;433;433;429;429;429;437;0.00543478
433;433;433;433;429;429;433;0.00543478
433;433;433;433;429;429;433;429;0.00543478
433;433;433;433;429;429;433;429;433;0.00543478
433;433;433;433;429;429;433;429;433;437;0.00543478
433;433;433;433;429;429;433;429;437;0.00543478
433;433;433;433;429;429;433;433;0.00543478
433;433;433;433;429;429;433;433;429;0.00543478
433;433;433;433;429;429;433;433;429;437;0.00543478
433;433;433;433;429;429;433;433;437;0.00543478
433;433;433;433;429;429;433;437;0.00543478
433;433;433;433;429;429;437;0.00543478
433;433;433;433;429;433;0.00543478
433;433;433;433;429;433;429;0.00543478
433;433;433;433;429;433;429;429;0.00543478
433;433;433;433;429;433;429;429;433;0.00543478
433;433;433;433;429;433;429;429;433;437;0.00543478
433;433;433;433;429;433;429;429;437;0.00543478
433;433;433;433;429;433;429;433;0.00543478
433;433;433;433;429;433;429;433;429;0.00543478
433;433;433;433;429;433;429;433;429;437;0.00543478
433;433;433;433;429;433;429;433;437;0.00543478
433;433;433;433;429;433;429;437;0.00543478
433;433;433;433;429;433;433;0.00543478
433;433;433;433;429;433;433;429;0.00543478
433;433;433;433;429;433;433;429;429;0.00543478
433;433;433;433;429;433;433;429;429;437;0.00543478
433;433;433;433;429;433;433;429;437;0.00543478
433;433;433;433;429;433;433;437;0.00543478
433;433;433;433;429;433;437;0.00543478
433;433;433;433;429;437;0.00543478
433;433;433;433;433;0.00724638
433;433;433;433;433;429;0.00543478
433;433;433;433;433;429;429;0.00543478
433;433;433;433;433;429;429;429;0.00543478
433;433;433;433;433;429;429;429;433;0.00543478
433;433;433;433;433;429;429;429;433;437;0.00543478
433;433;433;433;433;429;429;429;437;0.00543478
433;433;433;433;433;429;429;433;0.00543478
433;433;433;433;433;429;429;433;429;0.00543478
433;433;433;433;433;429;429;433;429;437;0.00543478
433;433;433;433;433;429;429;433;437;0.00543478
433;433;433;433;433;429;429;437;0.00543478
433;433;433;433;433;429;433;0.00543478
433;433;433;433;433;429;433;429;0.00543478
433;433;433;433;433;429;433;429;429;0.00543478
433;433;433;433;433;429;433;429;429;437;0.00543478
433;433;433;433;433;429;433;429;437;0.00543478
433;433;433;433;433;429;433;437;0.00543478
433;433;433;433;433;429;437;0.00543478
433;433;433;433;433;433;0.00634058
433;433;433;433;433;433;429;0.00543478
433;433;433;433;433;433;429;429;0.00543478
433;433;433;433;433;433;429;429;437;0.00543478
433;433;433;433;433;433;429;437;0.00543478
433;433;433;433;433;433;437;0.00634058
433;433;433;433;433;437;0.00634058
433;433;433;433;434;0.00543478
433;433;433;433;434;437;0.00543478
433;433;433;433;437;0.00634058
433;433;433;434;0.00543478
433;433;433;434;433;0.00543478
433;433;433;434;433;433;0.00543478
433;433;433;434;433;433;437;0.00543478
433;433;433;434;433;434;0.00543478
433;433;433;434;433;434;437;0.00543478
433;433;433;434;433;437;0.00543478
433;433;433;434;434;0.00543478
433;433;433;434;434;437;0.00543478
433;433;433;434;437;0.00543478
433;433;433;437;0.00634058
433;433;434;0.00724638
433;433;434;433;0.00543478
433;433;434;433;433;0.00543478
433;433;434;433;433;434;0.00543478
433;433;434;433;433;434;437;0.00543478
433;433;434;433;433;437;0.00543478
433;433;434;433;434;0.00543478
433;433;434;433;434;437;0.00543478
433;433;434;433;437;0.00543478
433;433;434;434;0.00543478
433;433;434;434;437;0.00543478
433;433;434;437;0.00543478
433;433;437;0.00724638
433;434;0.00724638
433;434;433;0.00634058
433;434;433;433;0.00543478
433;434;433;433;434;0.00543478
433;434;433;433;434;437;0.00543478
433;434;433;433;437;0.00543478
433;434;433;434;0.00634058
433;434;433;434;437;0.00543478
433;434;433;437;0.00543478
433;434;434;0.00634058
433;434;434;437;0.00543478
433;434;437;0.00543478
433;437;0.0144928
433;446;0.0126812
433;452;0.00634058
433;452;433;0.00634058
433;594;0.00543478
434;0.0181159
434;30;0.00634058
434;30;30;0.00543478
434;30;30;433;0.00543478
434;30;433;0.00543478
434;30;433;30;0.00543478
434;30;433;30;433;0.00543478
434;30;433;433;0.00543478
434;30;434;0.00543478
434;433;0.0108696
434;433;30;0.00543478
434;433;30;433;0.00543478
434;433;433;0.00815217
434;433;433;433;0.00634058
434;433;433;433;433;0.00543478
434;433;433;433;433;433;0.00543478
434;433;433;433;437;0.00543478
434;433;433;434;0.00634058
434;433;433;434;433;0.00543478
434;433;433;434;433;437;0.00543478
434;433;433;434;437;0.00543478
434;433;433;437;0.00543478
434;433;434;0.00634058
434;433;434;433;0.00634058
434;433;434;433;433;0.00543478
434;433;434;433;433;437;0.00543478
434;433;434;433;434;0.00543478
434;433;434;433;437;0.00543478
434;433;434;434;0.00543478
434;433;434;437;0.00543478
434;433;437;0.00543478
434;434;0.00815217
434;434;433;0.00724638
434;434;433;433;0.00724638
434;434;433;433;437;0.00543478
434;434;433;434;0.00543478
434;434;433;434;433;0.00543478
434;434;433;437;0.00543478
434;434;434;0.00543478
434;434;434;433;0.00543478
434;434;437;0.00543478
434;437;0.00815217
437;0.067029
437;30;0.00543478
437;32;0.00724638
437;195;0.0126812
437;195;423;0.00543478
437;195;599;0.00543478
437;403;0.00634058
437;403;774;0.00543478
437;416;0.00543478
437;416;416;0.00543478
437;423;0.00724638
437;433;0.00724638
437;437;0.0208333
437;437;437;0.0108696
437;437;437;437;0.00634058
437;437;599;0.00543478
437;446;0.00815217
437;446;437;0.00543478
437;446;446;0.00634058
437;599;0.00815217
437;599;437;0.00543478
437;599;599;0.00543478
437;774;0.00543478
440;0.00724638
441;0.00634058
441;134;0.00543478
441;134;440;0.00543478
441;253;0.00543478
441;253;440;0.00543478
441;440;0.00634058
443;0.00543478
444;0.00815217
446;0.076087
446;40;0.0253623
446;40;433;0.0235507
446;40;452;0.0235507
446;40;452;433;0.0235507
446;79;0.00543478
446;79;446;0.00543478
446;195;0.00724638
446;242;0.00996377
446;242;433;0.00996377
446;433;0.0362319
446;437;0.0144928
446;437;195;0.00724638
446;437;599;0.00543478
446;446;0.0226449
446;446;195;0.00724638
446;446;437;0.0126812
446;446;437;195;0.00724638
446;446;446;0.0126812
446;446;446;195;0.00634058
446;446;446;437;0.00815217
446;446;446;437;195;0.00634058
446;446;446;446;0.00543478
446;446;599;0.00543478
446;452;0.0235507
446;452;433;0.0235507
446;599;0.00543478
447;0.00815217
447;447;0.00543478
451;0.0389493
451;40;0.0253623
451;40;433;0.0235507
451;40;452;0.0235507
451;40;452;433;0.0235507
451;433;0.0235507
451;446;0.0380435
451;446;40;0.0244565
451;446;40;433;0.0235507
451;446;40;452;0.0235507
451;446;40;452;433;0.0235507
451;446;433;0.0235507
451;446;452;0.0235507
451;446;452;433;0.0235507
451;452;0.0235507
451;452;433;0.0235507
452;0.0353261
452;433;0.0307971
460;0.00996377
468;0.0253623
468;468;0.00724638
470;0.00724638
475;0.00996377
475;427;0.00543478
485;0.0126812
485;485;0.00543478
490;0.00634058
490;15;0.00634058
490;15;30;0.00543478
490;15;418;0.00543478
490;15;427;0.00543478
490;15;427;418;0.00543478
490;30;0.00543478
490;418;0.00543478
490;427;0.00543478
490;427;418;0.00543478
494;0.00634058
509;0.00815217
527;0.0108696
527;528;0.00724638
528;0.00724638
529;0.00543478
532;0.0117754
532;423;0.00905797
532;546;0.00634058
532;546;423;0.00634058
532;546;554;0.00543478
532;546;554;423;0.00543478
532;554;0.00543478
532;554;423;0.00543478
536;0.00815217
546;0.0380435
546;40;0.0181159
546;40;433;0.0181159
546;40;452;0.0181159
546;40;452;433;0.0181159
546;388;0.0163043
546;388;40;0.00905797
546;388;40;433;0.00905797
546;388;40;452;0.00905797
546;388;40;452;433;0.00905797
546;388;433;0.00905797
546;388;446;0.0126812
546;388;446;40;0.00724638
546;388;446;40;433;0.00724638
546;388;446;40;452;0.00724638
546;388;446;40;452;433;0.00724638
546;388;446;433;0.00724638
546;388;446;452;0.00724638
546;388;446;452;433;0.00724638
546;388;451;0.0126812
546;388;451;40;0.00724638
546;388;451;40;433;0.00724638
546;388;451;40;452;0.00724638
546;388;451;40;452;433;0.00724638
546;388;451;433;0.00724638
546;388;451;446;0.0126812
546;388;451;446;40;0.00724638
546;388;451;446;40;433;0.00724638
546;388;451;446;40;452;0.00724638
546;388;451;446;40;452;433;0.00724638
546;388;451;446;433;0.00724638
546;388;451;446;452;0.00724638
546;388;451;446;452;433;0.00724638
546;388;451;452;0.00724638
546;388;451;452;433;0.00724638
546;388;452;0.00905797
546;388;452;433;0.00905797
546;423;0.00634058
546;433;0.0181159
546;446;0.0271739
546;446;40;0.013587
546;446;40;433;0.013587
546;446;40;452;0.013587
546;446;40;452;433;0.013587
546;446;433;0.013587
546;446;452;0.013587
546;446;452;433;0.013587
546;451;0.0271739
546;451;40;0.013587
546;451;40;433;0.013587
546;451;40;452;0.013587
546;451;40;452;433;0.013587
546;451;433;0.013587
546;451;446;0.0271739
546;451;446;40;0.013587
546;451;446;40;433;0.013587
546;451;446;40;452;0.013587
546;451;446;40;452;433;0.013587
546;451;446;433;0.013587
546;451;446;452;0.013587
546;451;446;452;433;0.013587
546;451;452;0.013587
546;451;452;433;0.013587
546;452;0.0181159
546;452;433;0.0181159
546;547;0.0217391
546;547;40;0.00905797
546;547;40;433;0.00905797
546;547;40;452;0.00905797
546;547;40;452;433;0.00905797
546;547;433;0.00905797
546;547;446;0.0144928
546;547;446;40;0.00634058
546;547;446;40;433;0.00634058
546;547;446;40;452;0.00634058
546;547;446;40;452;433;0.00634058
546;547;446;433;0.00634058
546;547;446;452;0.00634058
546;547;446;452;433;0.00634058
546;547;451;0.0144928
546;547;451;40;0.00634058
546;547;451;40;433;0.00634058
546;547;451;40;452;0.00634058
546;547;451;40;452;433;0.00634058
546;547;451;433;0.00634058
546;547;451;446;0.0144928
546;547;451;446;40;0.00634058
546;547;451;446;40;433;0.00634058
546;547;451;446;40;452;0.00634058
546;547;451;446;40;452;433;0.00634058
546;547;451;446;433;0.00634058
546;547;451;446;452;0.00634058
546;547;451;446;452;433;0.00634058
546;547;451;452;0.00634058
546;547;451;452;433;0.00634058
546;547;452;0.00905797
546;547;452;433;0.00905797
546;554;0.00543478
546;554;423;0.00543478
547;0.0217391
547;40;0.00905797
547;40;433;0.00905797
547;40;452;0.00905797
547;40;452;433;0.00905797
547;433;0.00905797
547;446;0.0144928
547;446;40;0.00634058
547;446;40;433;0.00634058
547;446;40;452;0.00634058
547;446;40;452;433;0.00634058
547;446;433;0.00634058
547;446;452;0.00634058
547;446;452;433;0.00634058
547;451;0.0144928
547;451;40;0.00634058
547;451;40;433;0.00634058
547;451;40;452;0.00634058
547;451;40;452;433;0.00634058
547;451;433;0.00634058
547;451;446;0.0144928
547;451;446;40;0.00634058
547;451;446;40;433;0.00634058
547;451;446;40;452;0.00634058
547;451;446;40;452;433;0.00634058
547;451;446;433;0.00634058
547;451;446;452;0.00634058
547;451;446;452;433;0.00634058
547;451;452;0.00634058
547;451;452;433;0.00634058
547;452;0.00905797
547;452;433;0.00905797
554;0.00634058
554;423;0.00543478
559;0.00543478
559;433;0.00543478
563;0.00543478
593;0.0108696
593;176;0.0108696
593;176;242;0.00996377
593;176;242;433;0.00996377
593;176;242;433;594;0.00543478
593;176;242;594;0.00543478
593;176;433;0.00996377
593;176;433;594;0.00543478
593;176;446;0.00996377
593;176;446;242;0.00905797
593;176;446;242;433;0.00905797
593;176;446;433;0.00905797
593;176;594;0.00543478
593;242;0.00996377
593;242;433;0.00996377
593;242;433;594;0.00543478
593;242;594;0.00543478
593;433;0.00996377
593;433;594;0.00543478
593;446;0.00996377
593;446;242;0.00905797
593;446;242;433;0.00905797
593;446;433;0.00905797
593;594;0.00543478
594;0.00543478
599;0.0108696
599;437;0.00543478
599;599;0.00724638
603;0.00543478
603;603;0.00543478
603;603;603;0.00543478
603;603;603;603;0.00543478
660;0.0226449
660;421;0.00996377
660;421;421;0.00634058
660;421;421;421;0.00543478
660;660;0.0226449
660;660;421;0.00996377
660;660;421;421;0.00634058
660;660;421;421;421;0.00543478
660;660;660;0.0217391
660;660;660;421;0.00905797
660;660;660;421;421;0.00543478
660;660;660;421;421;421;0.00543478
660;660;660;660;0.0181159
660;660;660;660;421;0.00815217
660;660;660;660;421;421;0.00543478
660;660;660;660;421;421;421;0.00543478
660;660;660;660;660;0.0144928
660;660;660;660;660;421;0.00815217
660;660;660;660;660;421;421;0.00543478
660;660;660;660;660;421;421;421;0.00543478
660;660;660;660;660;660;0.0144928
660;660;660;660;660;660;421;0.00815217
660;660;660;660;660;660;421;421;0.00543478
660;660;660;660;660;660;421;421;421;0.00543478
660;660;660;660;660;660;660;0.0117754
660;660;660;660;660;660;660;421;0.00724638
660;660;660;660;660;660;660;421;421;0.00543478
660;660;660;660;660;660;660;421;421;421;0.00543478
660;660;660;660;660;660;660;660;0.0117754
660;660;660;660;660;660;660;660;421;0.00724638
660;660;660;660;660;660;660;660;421;421;0.00543478
660;660;660;660;660;660;660;660;421;421;421;0.00543478
660;660;660;660;660;660;660;660;660;0.00815217
660;660;660;660;660;660;660;660;660;421;0.00634058
660;660;660;660;660;660;660;660;660;421;421;0.00543478
660;660;660;660;660;660;660;660;660;421;421;421;0.00543478
660;660;660;660;660;660;660;660;660;660;0.00724638
660;660;660;660;660;660;660;660;660;660;421;0.00543478
660;660;660;660;660;660;660;660;660;660;660;0.00724638
660;660;660;660;660;660;660;660;660;660;660;421;0.00543478
660;660;660;660;660;660;660;660;660;660;660;660;0.00634058
721;0.00724638
721;423;0.00634058
737;0.00905797
737;427;0.00815217
754;0.00543478
756;0.00543478
756;756;0.00543478
772;0.00634058
772;403;0.00634058
772;403;774;0.00543478
772;437;0.00634058
772;437;403;0.00634058
772;437;403;774;0.00543478
772;437;774;0.00543478
772;773;0.00634058
772;773;403;0.00634058
772;773;403;774;0.00543478
772;773;437;0.00634058
772;773;437;403;0.00634058
772;773;437;403;774;0.00543478
772;773;437;774;0.00543478
772;773;774;0.00543478
772;774;0.00543478
773;0.00815217
773;32;0.00543478
773;403;0.00634058
773;403;774;0.00543478
773;437;0.00815217
773;437;32;0.00543478
773;437;403;0.00634058
773;437;403;774;0.00543478
773;437;774;0.00543478
773;774;0.00543478
774;0.00543478
