8;0.0232558
8;8;0.00775194
10;0.0666667
10;8;0.0124031
10;10;0.0170543
10;10;284;0.0108527
10;15;0.0139535
10;40;0.0108527
10;44;0.0139535
10;44;284;0.00930233
10;45;0.0108527
10;284;0.0232558
10;284;10;0.00930233
10;284;44;0.00930233
10;284;44;284;0.00775194
10;284;284;0.0170543
11;0.0108527
13;0.00775194
15;0.0248062
18;0.00775194
24;0.0139535
26;0.0186047
30;0.0232558
30;30;0.00930233
30;31;0.00775194
31;0.00930233
34;0.00775194
36;0.027907
36;200;0.00930233
36;284;0.00775194
39;0.0217054
39;10;0.00775194
39;36;0.0124031
39;36;200;0.00930233
39;39;0.0139535
39;39;36;0.00930233
39;39;36;200;0.00775194
39;39;39;0.00775194
39;39;200;0.00775194
39;200;0.00930233
40;0.027907
40;10;0.00775194
40;255;0.00775194
40;255;256;0.00775194
40;256;0.00930233
40;256;256;0.00775194
43;0.0108527
44;0.0186047
44;284;0.00930233
45;0.0124031
50;0.00930233
51;0.00775194
54;0.00930233
57;0.0248062
59;0.00930233
60;0.0232558
62;0.0108527
71;0.00775194
74;0.0124031
75;0.0294574
75;57;0.00775194
76;0.0108527
80;0.00775194
81;0.0108527
82;0.0604651
82;94;0.00775194
82;94;284;0.00775194
82;94;292;0.00775194
82;94;292;284;0.00775194
82;284;0.0434109
82;292;0.0465116
82;292;284;0.0434109
83;0.00775194
84;0.00775194
85;0.00930233
87;0.00930233
88;0.0139535
93;0.0155039
93;93;0.00930233
93;93;93;0.00775194
93;93;93;93;0.00775194
94;0.0217054
94;57;0.00775194
94;284;0.00930233
94;292;0.00775194
94;292;284;0.00775194
95;0.0108527
98;0.00930233
99;0.00930233
101;0.00775194
101;102;0.00775194
101;102;103;0.00775194
101;103;0.00775194
102;0.0186047
102;103;0.0186047
103;0.0186047
105;0.00775194
106;0.00930233
107;0.00930233
110;0.0108527
111;0.0124031
114;0.00930233
114;30;0.00775194
116;0.00775194
117;0.00775194
127;0.00775194
133;0.00930233
146;0.0108527
147;0.0124031
156;0.00775194
159;0.0124031
162;0.0124031
167;0.0124031
173;0.00930233
174;0.00775194
175;0.0139535
175;293;0.00930233
192;0.0248062
192;193;0.00775194
192;232;0.00930233
193;0.00775194
198;0.00775194
198;102;0.00775194
198;102;103;0.00775194
198;103;0.00775194
199;0.0108527
200;0.0139535
202;0.00775194
205;0.00775194
208;0.0124031
208;82;0.00930233
208;82;284;0.00930233
208;82;292;0.00930233
208;82;292;284;0.00930233
208;284;0.0108527
208;284;82;0.00930233
208;284;82;284;0.00930233
208;284;82;292;0.00930233
208;284;82;292;284;0.00930233
208;284;284;0.0108527
208;284;290;0.00775194
208;284;290;82;0.00775194
208;284;290;82;284;0.00775194
208;284;290;82;292;0.00775194
208;284;290;82;292;284;0.00775194
208;284;290;284;0.00775194
208;284;290;291;0.00775194
208;284;290;291;82;0.00775194
208;284;290;291;82;284;0.00775194
208;284;290;291;82;292;0.00775194
208;284;290;291;82;292;284;0.00775194
208;284;290;291;284;0.00775194
208;284;290;291;292;0.00775194
208;284;290;291;292;284;0.00775194
208;284;290;292;0.00775194
208;284;290;292;284;0.00775194
208;284;291;0.00775194
208;284;291;82;0.00775194
208;284;291;82;284;0.00775194
208;284;291;82;292;0.00775194
208;284;291;82;292;284;0.00775194
208;284;291;284;0.00775194
208;284;291;292;0.00775194
208;284;291;292;284;0.00775194
208;284;292;0.00930233
208;284;292;284;0.00930233
208;290;0.00775194
208;290;82;0.00775194
208;290;82;284;0.00775194
208;290;82;292;0.00775194
208;290;82;292;284;0.00775194
208;290;284;0.00775194
208;290;291;0.00775194
208;290;291;82;0.00775194
208;290;291;82;284;0.00775194
208;290;291;82;292;0.00775194
208;290;291;82;292;284;0.00775194
208;290;291;284;0.00775194
208;290;291;292;0.00775194
208;290;291;292;284;0.00775194
208;290;292;0.00775194
208;290;292;284;0.00775194
208;291;0.00775194
208;291;82;0.00775194
208;291;82;284;0.00775194
208;291;82;292;0.00775194
208;291;82;292;284;0.00775194
208;291;284;0.00775194
208;291;292;0.00775194
208;291;292;284;0.00775194
208;292;0.00930233
208;292;284;0.00930233
232;0.0108527
238;0.0108527
239;0.00930233
244;0.00775194
249;0.0325581
249;82;0.020155
249;82;284;0.020155
249;82;292;0.020155
249;82;292;284;0.020155
249;284;0.020155
249;290;0.0248062
249;290;82;0.0170543
249;290;82;284;0.0170543
249;290;82;292;0.0170543
249;290;82;292;284;0.0170543
249;290;284;0.0170543
249;290;291;0.0248062
249;290;291;82;0.0170543
249;290;291;82;284;0.0170543
249;290;291;82;292;0.0170543
249;290;291;82;292;284;0.0170543
249;290;291;284;0.0170543
249;290;291;292;0.0170543
249;290;291;292;284;0.0170543
249;290;292;0.0170543
249;290;292;284;0.0170543
249;291;0.0248062
249;291;82;0.0170543
249;291;82;284;0.0170543
249;291;82;292;0.0170543
249;291;82;292;284;0.0170543
249;291;284;0.0170543
249;291;292;0.0170543
249;291;292;284;0.0170543
249;292;0.020155
249;292;284;0.020155
252;0.0108527
254;0.0248062
255;0.0697674
255;10;0.0232558
255;10;10;0.0108527
255;10;10;284;0.00930233
255;10;44;0.0108527
255;10;44;284;0.00930233
255;10;284;0.0186047
255;10;284;10;0.00775194
255;10;284;44;0.00930233
255;10;284;44;284;0.00775194
255;10;284;284;0.0155039
255;40;0.0170543
255;40;255;0.00775194
255;40;255;256;0.00775194
255;40;256;0.00930233
255;40;256;256;0.00775194
255;44;0.0139535
255;44;284;0.00930233
255;60;0.0170543
255;239;0.00775194
255;255;0.0217054
255;255;255;0.00930233
255;255;256;0.00775194
255;256;0.00930233
255;256;256;0.00775194
255;284;0.0217054
255;284;10;0.00775194
255;284;44;0.00930233
255;284;44;284;0.00775194
255;284;284;0.0155039
255;288;0.00775194
255;385;0.00775194
256;0.0124031
256;255;0.00930233
256;256;0.0108527
256;256;255;0.00930233
257;0.0589147
257;257;0.0263566
257;257;257;0.0263566
257;257;257;257;0.0263566
257;257;257;257;257;0.0232558
257;257;257;257;257;257;0.0232558
257;257;257;257;257;257;257;0.0186047
257;257;257;257;257;257;257;257;0.0170543
257;257;257;257;257;257;257;257;257;0.0170543
257;257;257;257;257;257;257;257;257;257;0.0170543
257;257;257;257;257;257;257;257;257;257;257;0.0170543
257;257;257;257;257;257;257;257;257;257;257;257;0.0170543
257;257;257;257;257;257;257;257;257;257;257;257;257;0.0155039
257;257;257;257;257;257;257;257;257;257;257;257;257;257;0.0124031
257;257;257;257;257;257;257;257;257;257;257;257;257;257;257;0.0124031
257;257;257;257;257;257;257;257;257;257;257;257;257;257;257;257;0.0124031
257;257;257;257;257;257;257;257;257;257;257;257;257;257;257;257;257;0.0124031
257;257;257;257;257;257;257;257;257;257;257;257;257;257;257;257;257;257;0.0124031
257;257;257;257;257;257;257;257;257;257;257;257;257;257;257;257;257;257;257;0.0124031
257;257;257;257;257;257;257;257;257;257;257;257;257;257;257;257;257;257;257;257;0.0124031
257;257;257;257;257;257;257;257;257;257;257;257;257;257;257;257;257;257;257;257;257;0.0124031
257;257;257;257;257;257;257;257;257;257;257;257;257;257;257;257;257;257;257;257;257;257;0.0124031
257;257;257;257;257;257;257;257;257;257;257;257;257;257;257;257;257;257;257;257;257;257;257;0.0124031
257;257;257;257;257;257;257;257;257;257;257;257;257;257;257;257;257;257;257;257;257;257;257;257;0.0124031
257;257;257;257;257;257;257;257;257;257;257;257;257;257;257;257;257;257;257;257;257;257;257;257;257;0.0124031
257;257;257;257;257;257;257;257;257;257;257;257;257;257;257;257;257;257;257;257;257;257;257;257;257;257;0.0124031
257;257;257;257;257;257;257;257;257;257;257;257;257;257;257;257;257;257;257;257;257;257;257;257;257;257;257;0.0124031
257;257;257;257;257;257;257;257;257;257;257;257;257;257;257;257;257;257;257;257;257;257;257;257;257;257;257;257;0.0124031
261;0.0635659
261;261;0.0403101
261;261;261;0.020155
261;261;261;261;0.0186047
261;261;261;261;261;0.0124031
261;261;261;261;261;261;0.0124031
261;261;261;261;261;261;261;0.0108527
261;261;261;261;261;261;261;261;0.00930233
261;261;431;0.00775194
261;261;431;261;0.00775194
261;261;431;261;261;0.00775194
261;431;0.00775194
261;431;261;0.00775194
261;431;261;261;0.00775194
261;502;0.0124031
261;502;261;0.0124031
268;0.027907
268;268;0.0170543
268;268;268;0.0155039
268;268;268;268;0.0155039
268;268;268;268;268;0.0139535
268;268;268;268;268;268;0.0139535
268;268;268;268;268;268;268;0.0139535
268;268;268;268;268;268;268;268;0.0108527
268;268;268;268;268;268;268;268;268;0.00775194
268;268;268;268;268;268;268;268;268;268;0.00775194
268;268;268;268;268;268;268;268;268;268;268;0.00775194
268;268;268;268;268;268;268;268;268;268;268;268;0.00775194
268;268;268;268;268;268;268;268;268;268;268;268;268;0.00775194
268;268;268;268;268;268;268;268;268;268;268;268;268;268;0.00775194
268;268;268;268;268;268;268;268;268;268;268;268;268;268;268;0.00775194
275;0.0124031
277;0.00775194
281;0.0217054
281;281;0.0186047
281;281;281;0.0124031
281;281;281;281;0.00775194
281;292;0.00775194
281;292;281;0.00775194
282;0.00775194
284;0.0976744
284;10;0.00930233
284;44;0.00930233
284;44;284;0.00775194
284;82;0.00930233
284;82;284;0.00930233
284;82;292;0.00930233
284;82;292;284;0.00930233
284;284;0.0418605
284;284;284;0.00775194
284;290;0.00775194
284;290;82;0.00775194
284;290;82;284;0.00775194
284;290;82;292;0.00775194
284;290;82;292;284;0.00775194
284;290;284;0.00775194
284;290;291;0.00775194
284;290;291;82;0.00775194
284;290;291;82;284;0.00775194
284;290;291;82;292;0.00775194
284;290;291;82;292;284;0.00775194
284;290;291;284;0.00775194
284;290;291;292;0.00775194
284;290;291;292;284;0.00775194
284;290;292;0.00775194
284;290;292;284;0.00775194
284;291;0.0108527
284;291;82;0.00775194
284;291;82;284;0.00775194
284;291;82;292;0.00775194
284;291;82;292;284;0.00775194
284;291;284;0.00775194
284;291;292;0.00775194
284;291;292;284;0.00775194
284;292;0.0108527
284;292;284;0.0108527
284;380;0.00775194
288;0.0418605
288;8;0.00930233
288;281;0.00775194
288;288;0.00930233
290;0.055814
290;82;0.0372093
290;82;284;0.0356589
290;82;292;0.0356589
290;82;292;284;0.0356589
290;284;0.0356589
290;291;0.055814
290;291;82;0.0372093
290;291;82;284;0.0356589
290;291;82;292;0.0356589
290;291;82;292;284;0.0356589
290;291;284;0.0356589
290;291;292;0.0356589
290;291;292;284;0.0356589
290;292;0.0356589
290;292;284;0.0356589
291;0.0651163
291;82;0.0387597
291;82;284;0.0356589
291;82;292;0.0356589
291;82;292;284;0.0356589
291;284;0.0372093
291;291;0.00775194
291;292;0.0356589
291;292;284;0.0356589
292;0.0542636
292;281;0.00775194
292;284;0.0465116
293;0.0682171
293;293;0.00775194
294;0.0542636
294;82;0.0248062
294;82;284;0.0248062
294;82;292;0.0248062
294;82;292;284;0.0248062
294;249;0.0248062
294;249;82;0.0139535
294;249;82;284;0.0139535
294;249;82;292;0.0139535
294;249;82;292;284;0.0139535
294;249;284;0.0139535
294;249;290;0.0186047
294;249;290;82;0.0108527
294;249;290;82;284;0.0108527
294;249;290;82;292;0.0108527
294;249;290;82;292;284;0.0108527
294;249;290;284;0.0108527
294;249;290;291;0.0186047
294;249;290;291;82;0.0108527
294;249;290;291;82;284;0.0108527
294;249;290;291;82;292;0.0108527
294;249;290;291;82;292;284;0.0108527
294;249;290;291;284;0.0108527
294;249;290;291;292;0.0108527
294;249;290;291;292;284;0.0108527
294;249;290;292;0.0108527
294;249;290;292;284;0.0108527
294;249;291;0.0186047
294;249;291;82;0.0108527
294;249;291;82;284;0.0108527
294;249;291;82;292;0.0108527
294;249;291;82;292;284;0.0108527
294;249;291;284;0.0108527
294;249;291;292;0.0108527
294;249;291;292;284;0.0108527
294;249;292;0.0139535
294;249;292;284;0.0139535
294;257;0.0108527
294;284;0.0248062
294;290;0.0372093
294;290;82;0.0186047
294;290;82;284;0.0186047
294;290;82;292;0.0186047
294;290;82;292;284;0.0186047
294;290;284;0.0186047
294;290;291;0.0372093
294;290;291;82;0.0186047
294;290;291;82;284;0.0186047
294;290;291;82;292;0.0186047
294;290;291;82;292;284;0.0186047
294;290;291;284;0.0186047
294;290;291;292;0.0186047
294;290;291;292;284;0.0186047
294;290;292;0.0186047
294;290;292;284;0.0186047
294;291;0.0372093
294;291;82;0.0186047
294;291;82;284;0.0186047
294;291;82;292;0.0186047
294;291;82;292;284;0.0186047
294;291;284;0.0186047
294;291;292;0.0186047
294;291;292;284;0.0186047
294;292;0.0248062
294;292;284;0.0248062
294;316;0.00930233
294;316;257;0.00930233
294;339;0.0294574
294;339;82;0.0108527
294;339;82;284;0.0108527
294;339;82;292;0.0108527
294;339;82;292;284;0.0108527
294;339;257;0.00775194
294;339;284;0.0108527
294;339;290;0.0186047
294;339;290;82;0.00775194
294;339;290;82;284;0.00775194
294;339;290;82;292;0.00775194
294;339;290;82;292;284;0.00775194
294;339;290;284;0.00775194
294;339;290;291;0.0186047
294;339;290;291;82;0.00775194
294;339;290;291;82;284;0.00775194
294;339;290;291;82;292;0.00775194
294;339;290;291;82;292;284;0.00775194
294;339;290;291;284;0.00775194
294;339;290;291;292;0.00775194
294;339;290;291;292;284;0.00775194
294;339;290;292;0.00775194
294;339;290;292;284;0.00775194
294;339;291;0.0186047
294;339;291;82;0.00775194
294;339;291;82;284;0.00775194
294;339;291;82;292;0.00775194
294;339;291;82;292;284;0.00775194
294;339;291;284;0.00775194
294;339;291;292;0.00775194
294;339;291;292;284;0.00775194
294;339;292;0.0108527
294;339;292;284;0.0108527
296;0.0108527
313;0.00775194
313;313;0.00775194
313;313;313;0.00775194
316;0.0108527
316;257;0.00930233
339;0.0294574
339;82;0.0108527
339;82;284;0.0108527
339;82;292;0.0108527
339;82;292;284;0.0108527
339;257;0.00775194
339;284;0.0108527
339;290;0.0186047
339;290;82;0.00775194
339;290;82;284;0.00775194
339;290;82;292;0.00775194
339;290;82;292;284;0.00775194
339;290;284;0.00775194
339;290;291;0.0186047
339;290;291;82;0.00775194
339;290;291;82;284;0.00775194
339;290;291;82;292;0.00775194
339;290;291;82;292;284;0.00775194
339;290;291;284;0.00775194
339;290;291;292;0.00775194
339;290;291;292;284;0.00775194
339;290;292;0.00775194
339;290;292;284;0.00775194
339;291;0.0186047
339;291;82;0.00775194
339;291;82;284;0.00775194
339;291;82;292;0.00775194
339;291;82;292;284;0.00775194
339;291;284;0.00775194
339;291;292;0.00775194
339;291;292;284;0.00775194
339;292;0.0108527
339;292;284;0.0108527
344;0.020155
344;257;0.0155039
344;294;0.0108527
344;294;257;0.0108527
344;294;316;0.00930233
344;294;316;257;0.00930233
344;294;339;0.00775194
344;294;339;257;0.00775194
344;316;0.00930233
344;316;257;0.00930233
344;339;0.00775194
344;339;257;0.00775194
349;0.0108527
354;0.0124031
374;0.00775194
376;0.0108527
376;284;0.00930233
380;0.0139535
385;0.00775194
387;0.0217054
390;0.00775194
392;0.00775194
396;0.0186047
396;399;0.0124031
399;0.0124031
407;0.00930233
407;284;0.00930233
408;0.00775194
408;380;0.00775194
410;0.00775194
426;0.00930233
426;426;0.00775194
431;0.0139535
431;261;0.00775194
431;261;261;0.00775194
443;0.020155
443;293;0.0108527
443;443;0.020155
443;443;293;0.0108527
443;443;443;0.0186047
443;443;443;293;0.00930233
443;443;443;443;0.0139535
443;443;443;443;293;0.00775194
443;443;443;443;443;0.0139535
443;443;443;443;443;293;0.00775194
443;443;443;443;443;443;0.0139535
443;443;443;443;443;443;293;0.00775194
443;443;443;443;443;443;443;0.0108527
443;443;443;443;443;443;443;443;0.0108527
502;0.0139535
502;261;0.0139535
529;0.00930233
529;288;0.00930233
