3;0.0201643
3;125;0.00597461
3;125;126;0.00522778
3;125;126;717;0.00224048
3;125;126;718;0.0029873
3;125;717;0.0029873
3;125;717;126;0.00224048
3;125;717;126;717;0.00224048
3;125;717;717;0.0029873
3;125;718;0.0029873
3;125;718;126;0.0029873
3;125;718;126;718;0.0029873
3;125;718;718;0.0029873
3;126;0.00672143
3;126;717;0.0029873
3;126;718;0.00448096
3;202;0.00224048
3;202;206;0.00224048
3;206;0.00224048
3;213;0.0029873
3;213;717;0.00224048
3;214;0.00896191
3;214;125;0.00597461
3;214;125;126;0.00522778
3;214;125;126;717;0.00224048
3;214;125;126;718;0.0029873
3;214;125;717;0.0029873
3;214;125;717;126;0.00224048
3;214;125;717;126;717;0.00224048
3;214;125;717;717;0.0029873
3;214;125;718;0.0029873
3;214;125;718;126;0.0029873
3;214;125;718;126;718;0.0029873
3;214;125;718;718;0.0029873
3;214;126;0.00522778
3;214;126;717;0.00224048
3;214;126;718;0.0029873
3;214;717;0.0029873
3;214;717;125;0.0029873
3;214;717;125;126;0.00224048
3;214;717;125;126;717;0.00224048
3;214;717;125;717;0.0029873
3;214;717;125;717;126;0.00224048
3;214;717;125;717;126;717;0.00224048
3;214;717;125;717;717;0.0029873
3;214;717;126;0.00224048
3;214;717;126;717;0.00224048
3;214;717;717;0.0029873
3;214;717;717;126;0.00224048
3;214;717;717;126;717;0.00224048
3;214;717;717;717;0.0029873
3;214;718;0.00522778
3;214;718;125;0.0029873
3;214;718;125;126;0.0029873
3;214;718;125;126;718;0.0029873
3;214;718;125;718;0.0029873
3;214;718;125;718;126;0.0029873
3;214;718;125;718;126;718;0.0029873
3;214;718;125;718;718;0.0029873
3;214;718;126;0.0029873
3;214;718;126;718;0.0029873
3;214;718;718;0.0029873
3;214;718;718;126;0.0029873
3;214;718;718;126;718;0.0029873
3;214;718;718;718;0.0029873
3;717;0.00522778
3;717;125;0.0029873
3;717;125;126;0.00224048
3;717;125;126;717;0.00224048
3;717;125;717;0.0029873
3;717;125;717;126;0.00224048
3;717;125;717;126;717;0.00224048
3;717;125;717;717;0.0029873
3;717;126;0.00224048
3;717;126;717;0.00224048
3;717;717;0.0029873
3;717;717;126;0.00224048
3;717;717;126;717;0.00224048
3;717;717;717;0.0029873
3;718;0.00672143
3;718;125;0.0029873
3;718;125;126;0.0029873
3;718;125;126;718;0.0029873
3;718;125;718;0.0029873
3;718;125;718;126;0.0029873
3;718;125;718;126;718;0.0029873
3;718;125;718;718;0.0029873
3;718;126;0.0029873
3;718;126;718;0.0029873
3;718;718;0.0029873
3;718;718;126;0.0029873
3;718;718;126;718;0.0029873
3;718;718;718;0.0029873
3;756;0.00224048
6;0.0029873
6;565;0.00224048
10;0.00224048
12;0.00224048
13;0.00448096
13;3;0.00224048
13;3;214;0.00224048
13;3;214;718;0.00224048
13;3;718;0.00224048
13;214;0.00224048
13;214;718;0.00224048
13;718;0.00224048
13;718;3;0.00224048
13;718;3;214;0.00224048
13;718;3;214;718;0.00224048
13;718;3;718;0.00224048
13;718;214;0.00224048
13;718;214;718;0.00224048
13;718;718;0.00224048
14;0.029873
14;14;0.00373413
14;333;0.00448096
14;592;0.0029873
14;592;797;0.0029873
14;756;0.00522778
14;797;0.00672143
15;0.00821509
16;0.0029873
18;0.0112024
18;18;0.00373413
18;18;18;0.00224048
19;0.00224048
20;0.00522778
21;0.0141897
21;21;0.00224048
43;0.0149365
43;756;0.0134429
46;0.0179238
46;47;0.00373413
46;47;710;0.0029873
46;52;0.00597461
46;52;56;0.00224048
46;52;69;0.00224048
46;52;69;258;0.00224048
46;52;258;0.00224048
46;56;0.00224048
46;69;0.00224048
46;69;258;0.00224048
46;258;0.00224048
46;298;0.00373413
46;710;0.00597461
47;0.00746826
47;710;0.00597461
49;0.0029873
52;0.00896191
52;56;0.00224048
52;69;0.00224048
52;69;258;0.00224048
52;258;0.00224048
56;0.0104556
56;899;0.00224048
58;0.00448096
59;0.00373413
60;0.021658
60;60;0.00224048
60;60;60;0.00224048
60;69;0.00224048
60;106;0.00224048
60;258;0.00373413
60;338;0.00224048
60;338;258;0.00224048
60;338;403;0.00224048
60;338;403;258;0.00224048
60;380;0.00672143
60;380;258;0.00224048
60;380;338;0.00224048
60;380;338;258;0.00224048
60;380;338;403;0.00224048
60;380;338;403;258;0.00224048
60;380;403;0.00224048
60;380;403;258;0.00224048
60;403;0.00224048
60;403;258;0.00224048
60;756;0.0029873
61;0.00224048
62;0.00224048
68;0.00448096
68;56;0.00373413
69;0.012696
69;69;0.00373413
69;69;920;0.0029873
69;258;0.00224048
69;920;0.0029873
70;0.00448096
71;0.0149365
71;14;0.0029873
71;14;756;0.0029873
71;71;0.00597461
71;71;71;0.0029873
71;216;0.00373413
71;216;14;0.0029873
71;216;14;756;0.0029873
71;216;756;0.00373413
71;756;0.00373413
72;0.00224048
73;0.00746826
73;258;0.00448096
73;307;0.00224048
73;307;258;0.00224048
74;0.0104556
74;80;0.00224048
74;103;0.00522778
74;103;258;0.0029873
74;103;720;0.00224048
74;258;0.0029873
74;720;0.00224048
75;0.00224048
76;0.0029873
77;0.0029873
80;0.0253921
80;258;0.0164302
81;0.00746826
81;81;0.00224048
81;81;82;0.00224048
81;82;0.00448096
82;0.00672143
83;0.00373413
84;0.00373413
84;82;0.00224048
84;85;0.00224048
84;85;82;0.00224048
85;0.00224048
85;82;0.00224048
90;0.00896191
90;90;0.00448096
90;90;90;0.0029873
90;90;94;0.0029873
90;90;95;0.0029873
90;90;95;95;0.0029873
90;91;0.00448096
90;94;0.0029873
90;95;0.0029873
90;95;95;0.0029873
91;0.00672143
94;0.0029873
95;0.0029873
95;95;0.0029873
98;0.0029873
98;718;0.00224048
98;718;718;0.00224048
103;0.0179238
103;60;0.00522778
103;103;0.00373413
103;258;0.0029873
103;558;0.00224048
103;720;0.00224048
104;0.00672143
104;105;0.00224048
104;105;107;0.00224048
104;107;0.00224048
105;0.00522778
105;60;0.00224048
105;106;0.00373413
105;107;0.00224048
105;172;0.00373413
105;172;60;0.00224048
105;172;106;0.00224048
106;0.00448096
106;60;0.00224048
107;0.00746826
107;109;0.00448096
109;0.00672143
109;500;0.00224048
110;0.00224048
112;0.0029873
116;0.00448096
117;0.00448096
119;0.029873
119;119;0.00373413
119;403;0.0029873
119;710;0.00746826
119;794;0.00448096
119;794;795;0.00448096
119;795;0.00448096
121;0.00373413
125;0.012696
125;126;0.00970874
125;126;717;0.00448096
125;126;718;0.00373413
125;717;0.00522778
125;717;126;0.00448096
125;717;126;717;0.00448096
125;717;717;0.00522778
125;718;0.00522778
125;718;126;0.00373413
125;718;126;718;0.00373413
125;718;718;0.00373413
126;0.0141897
126;717;0.00522778
126;718;0.00597461
128;0.00224048
129;0.00224048
130;0.00522778
133;0.0029873
134;0.00224048
135;0.00224048
135;60;0.00224048
135;106;0.00224048
135;106;60;0.00224048
136;0.00448096
137;0.0029873
139;0.0029873
141;0.00224048
142;0.00224048
147;0.0029873
147;147;0.00224048
147;565;0.00224048
148;0.00746826
148;148;0.0029873
148;154;0.00224048
148;156;0.00224048
148;349;0.00224048
149;0.00522778
149;149;0.00224048
149;790;0.0029873
154;0.00672143
154;148;0.00224048
155;0.00448096
156;0.00373413
158;0.00970874
163;0.0029873
171;0.00522778
171;171;0.00224048
171;592;0.00224048
171;592;797;0.00224048
171;797;0.00373413
172;0.00522778
172;60;0.00224048
172;106;0.00224048
172;349;0.00224048
173;0.00224048
173;174;0.00224048
174;0.00224048
177;0.0179238
177;14;0.0029873
177;71;0.00224048
177;71;216;0.00224048
177;71;216;756;0.00224048
177;71;756;0.00224048
177;177;0.00373413
177;216;0.0029873
177;216;756;0.0029873
177;443;0.00224048
177;756;0.0029873
177;780;0.0029873
177;780;71;0.00224048
177;780;71;216;0.00224048
177;780;71;216;756;0.00224048
177;780;71;756;0.00224048
177;780;216;0.0029873
177;780;216;756;0.0029873
177;780;756;0.0029873
180;0.0029873
181;0.00224048
182;0.0029873
188;0.00224048
193;0.00224048
194;0.0029873
194;177;0.00224048
199;0.012696
199;71;0.00224048
199;71;216;0.00224048
199;71;216;756;0.00224048
199;71;756;0.00224048
199;177;0.00896191
199;177;71;0.00224048
199;177;71;216;0.00224048
199;177;71;216;756;0.00224048
199;177;71;756;0.00224048
199;177;216;0.0029873
199;177;216;756;0.0029873
199;177;756;0.0029873
199;177;780;0.0029873
199;177;780;71;0.00224048
199;177;780;71;216;0.00224048
199;177;780;71;216;756;0.00224048
199;177;780;71;756;0.00224048
199;177;780;216;0.0029873
199;177;780;216;756;0.0029873
199;177;780;756;0.0029873
199;199;0.00373413
199;199;177;0.0029873
199;200;0.0029873
199;200;177;0.00224048
199;200;199;0.00224048
199;200;199;177;0.00224048
199;211;0.00448096
199;216;0.0029873
199;216;756;0.0029873
199;756;0.0029873
199;780;0.0029873
199;780;71;0.00224048
199;780;71;216;0.00224048
199;780;71;216;756;0.00224048
199;780;71;756;0.00224048
199;780;216;0.0029873
199;780;216;756;0.0029873
199;780;756;0.0029873
200;0.00522778
200;177;0.00373413
200;199;0.00224048
200;199;177;0.00224048
202;0.00373413
202;206;0.0029873
206;0.00373413
211;0.00597461
211;200;0.00224048
213;0.00746826
213;717;0.00522778
214;0.0156833
214;125;0.00970874
214;125;126;0.00821509
214;125;126;717;0.00448096
214;125;126;718;0.0029873
214;125;717;0.00522778
214;125;717;126;0.00448096
214;125;717;126;717;0.00448096
214;125;717;717;0.00522778
214;125;718;0.00373413
214;125;718;126;0.0029873
214;125;718;126;718;0.0029873
214;125;718;718;0.0029873
214;126;0.00896191
214;126;717;0.00448096
214;126;718;0.00373413
214;717;0.00522778
214;717;125;0.00522778
214;717;125;126;0.00448096
214;717;125;126;717;0.00448096
214;717;125;717;0.00522778
214;717;125;717;126;0.00448096
214;717;125;717;126;717;0.00448096
214;717;125;717;717;0.00522778
214;717;126;0.00448096
214;717;126;717;0.00448096
214;717;717;0.00522778
214;717;717;126;0.00448096
214;717;717;126;717;0.00448096
214;717;717;717;0.00522778
214;718;0.00821509
214;718;125;0.00373413
214;718;125;126;0.0029873
214;718;125;126;718;0.0029873
214;718;125;718;0.00373413
214;718;125;718;126;0.0029873
214;718;125;718;126;718;0.0029873
214;718;125;718;718;0.0029873
214;718;126;0.00373413
214;718;126;718;0.00373413
214;718;718;0.00373413
214;718;718;126;0.0029873
214;718;718;126;718;0.0029873
214;718;718;718;0.00373413
215;0.00746826
216;0.00597461
216;14;0.00373413
216;14;756;0.00373413
216;756;0.00522778
217;0.0029873
219;0.00373413
220;0.00448096
220;220;0.0029873
224;0.00224048
226;0.0029873
232;0.00224048
233;0.00224048
234;0.0029873
236;0.00821509
236;236;0.00224048
236;236;795;0.00224048
236;236;802;0.00224048
236;236;802;795;0.00224048
236;275;0.00224048
236;795;0.00224048
236;802;0.00224048
236;802;795;0.00224048
238;0.00224048
239;0.00896191
240;0.00373413
244;0.00448096
244;80;0.00224048
244;80;258;0.00224048
244;258;0.0029873
244;806;0.00224048
244;806;258;0.00224048
245;0.00522778
246;0.00821509
246;80;0.00448096
246;80;258;0.00448096
246;258;0.00448096
255;0.00224048
257;0.00224048
258;0.0746826
258;119;0.00224048
258;119;710;0.00224048
258;258;0.00522778
258;710;0.00597461
258;790;0.00224048
260;0.00224048
261;0.0029873
271;0.00224048
273;0.00746826
273;80;0.00224048
273;80;258;0.00224048
273;258;0.00224048
275;0.0119492
275;275;0.00224048
275;275;275;0.00224048
275;276;0.00224048
275;277;0.00224048
276;0.00224048
277;0.00224048
286;0.00373413
286;288;0.00224048
286;288;380;0.00224048
286;380;0.00224048
286;497;0.00224048
286;497;288;0.00224048
286;497;288;380;0.00224048
286;497;380;0.00224048
286;497;498;0.00224048
286;497;498;288;0.00224048
286;497;498;288;380;0.00224048
286;497;498;380;0.00224048
286;497;498;499;0.00224048
286;497;498;499;288;0.00224048
286;497;498;499;288;380;0.00224048
286;497;498;499;380;0.00224048
286;497;499;0.00224048
286;497;499;288;0.00224048
286;497;499;288;380;0.00224048
286;497;499;380;0.00224048
286;498;0.00224048
286;498;288;0.00224048
286;498;288;380;0.00224048
286;498;380;0.00224048
286;498;499;0.00224048
286;498;499;288;0.00224048
286;498;499;288;380;0.00224048
286;498;499;380;0.00224048
286;499;0.00224048
286;499;288;0.00224048
286;499;288;380;0.00224048
286;499;380;0.00224048
288;0.00373413
288;380;0.00224048
289;0.00373413
292;0.0246453
292;46;0.0104556
292;46;47;0.0029873
292;46;47;710;0.00224048
292;46;52;0.00448096
292;46;52;56;0.00224048
292;46;52;69;0.00224048
292;46;52;69;258;0.00224048
292;46;52;258;0.00224048
292;46;56;0.00224048
292;46;69;0.00224048
292;46;69;258;0.00224048
292;46;258;0.00224048
292;46;710;0.00373413
292;47;0.0029873
292;47;710;0.00224048
292;52;0.00448096
292;52;56;0.00224048
292;52;69;0.00224048
292;52;69;258;0.00224048
292;52;258;0.00224048
292;56;0.00224048
292;69;0.00224048
292;69;258;0.00224048
292;119;0.0029873
292;119;710;0.0029873
292;258;0.00970874
292;293;0.00373413
292;294;0.00224048
292;294;710;0.00224048
292;403;0.00373413
292;403;258;0.0029873
292;449;0.00224048
292;449;710;0.00224048
292;558;0.00448096
292;558;119;0.00224048
292;558;119;710;0.00224048
292;558;258;0.0029873
292;558;403;0.00224048
292;558;403;258;0.00224048
292;558;710;0.0029873
292;603;0.00597461
292;603;258;0.00448096
292;710;0.00896191
292;839;0.00373413
292;839;119;0.00224048
292;839;119;710;0.00224048
292;839;258;0.0029873
292;839;403;0.0029873
292;839;403;258;0.0029873
292;839;558;0.00373413
292;839;558;119;0.00224048
292;839;558;119;710;0.00224048
292;839;558;258;0.0029873
292;839;558;403;0.00224048
292;839;558;403;258;0.00224048
292;839;558;710;0.00224048
292;839;710;0.00224048
292;921;0.0029873
292;921;258;0.00224048
292;921;603;0.0029873
292;921;603;258;0.00224048
292;921;922;0.0029873
292;921;922;258;0.00224048
292;921;922;603;0.0029873
292;921;922;603;258;0.00224048
292;922;0.00522778
292;922;258;0.00448096
292;922;603;0.00522778
292;922;603;258;0.00448096
292;923;0.00224048
292;923;258;0.00224048
292;923;603;0.00224048
292;923;603;258;0.00224048
292;923;922;0.00224048
292;923;922;258;0.00224048
292;923;922;603;0.00224048
292;923;922;603;258;0.00224048
293;0.00672143
293;258;0.00448096
293;403;0.00448096
293;403;258;0.00448096
293;558;0.00448096
293;558;258;0.00448096
293;558;403;0.00373413
293;558;403;258;0.00373413
293;710;0.00224048
293;839;0.00448096
293;839;258;0.00448096
293;839;403;0.00448096
293;839;403;258;0.00448096
293;839;558;0.00448096
293;839;558;258;0.00448096
293;839;558;403;0.00373413
293;839;558;403;258;0.00373413
294;0.0029873
294;710;0.00224048
296;0.00970874
296;258;0.00224048
296;338;0.00224048
296;601;0.00672143
296;601;710;0.0029873
296;710;0.00448096
297;0.00224048
298;0.00522778
301;0.00224048
302;0.0029873
307;0.00448096
307;258;0.0029873
308;0.00597461
308;46;0.00373413
308;46;710;0.00224048
308;710;0.00448096
310;0.00224048
311;0.00224048
312;0.00224048
312;314;0.00224048
314;0.00373413
319;0.0029873
331;0.00522778
332;0.00224048
332;119;0.00224048
333;0.0164302
333;333;0.00448096
333;333;717;0.00373413
333;717;0.00522778
333;717;333;0.00373413
333;717;333;717;0.00373413
333;717;717;0.00373413
333;790;0.00448096
335;0.034354
335;60;0.00224048
335;60;258;0.00224048
335;60;338;0.00224048
335;60;338;258;0.00224048
335;60;338;403;0.00224048
335;60;338;403;258;0.00224048
335;60;380;0.00224048
335;60;380;258;0.00224048
335;60;380;338;0.00224048
335;60;380;338;258;0.00224048
335;60;380;338;403;0.00224048
335;60;380;338;403;258;0.00224048
335;60;380;403;0.00224048
335;60;380;403;258;0.00224048
335;60;403;0.00224048
335;60;403;258;0.00224048
335;258;0.00672143
335;333;0.00224048
335;333;790;0.00224048
335;338;0.00597461
335;338;258;0.00522778
335;338;403;0.00522778
335;338;403;258;0.00522778
335;338;403;906;0.00373413
335;338;403;906;258;0.00373413
335;338;906;0.00373413
335;338;906;258;0.00373413
335;380;0.0029873
335;380;258;0.00224048
335;380;338;0.00224048
335;380;338;258;0.00224048
335;380;338;403;0.00224048
335;380;338;403;258;0.00224048
335;380;403;0.00224048
335;380;403;258;0.00224048
335;403;0.00522778
335;403;258;0.00522778
335;403;906;0.00373413
335;403;906;258;0.00373413
335;448;0.0029873
335;448;790;0.00224048
335;449;0.00522778
335;449;450;0.00373413
335;449;450;794;0.0029873
335;449;450;794;795;0.0029873
335;449;450;795;0.0029873
335;449;710;0.00224048
335;449;794;0.0029873
335;449;794;450;0.0029873
335;449;794;450;794;0.0029873
335;449;794;450;794;795;0.0029873
335;449;794;450;795;0.0029873
335;449;794;794;0.0029873
335;449;794;794;795;0.0029873
335;449;794;795;0.0029873
335;449;794;795;450;0.0029873
335;449;794;795;450;794;0.0029873
335;449;794;795;450;794;795;0.0029873
335;449;794;795;450;795;0.0029873
335;449;794;795;794;0.0029873
335;449;794;795;794;795;0.0029873
335;449;794;795;795;0.0029873
335;449;795;0.0029873
335;449;795;450;0.0029873
335;449;795;450;794;0.0029873
335;449;795;450;794;795;0.0029873
335;449;795;450;795;0.0029873
335;449;795;794;0.0029873
335;449;795;794;795;0.0029873
335;449;795;795;0.0029873
335;449;826;0.00224048
335;450;0.0119492
335;450;710;0.00821509
335;450;710;710;0.00224048
335;450;710;826;0.00224048
335;450;710;826;710;0.00224048
335;450;794;0.00373413
335;450;794;795;0.00373413
335;450;795;0.00373413
335;450;826;0.00224048
335;450;826;710;0.00224048
335;710;0.0119492
335;710;710;0.00373413
335;710;826;0.00224048
335;710;826;710;0.00224048
335;790;0.00746826
335;791;0.00224048
335;794;0.00373413
335;794;450;0.0029873
335;794;450;794;0.0029873
335;794;450;794;795;0.0029873
335;794;450;795;0.0029873
335;794;794;0.0029873
335;794;794;795;0.0029873
335;794;795;0.00373413
335;794;795;450;0.0029873
335;794;795;450;794;0.0029873
335;794;795;450;794;795;0.0029873
335;794;795;450;795;0.0029873
335;794;795;794;0.0029873
335;794;795;794;795;0.0029873
335;794;795;795;0.0029873
335;795;0.00373413
335;795;450;0.0029873
335;795;450;794;0.0029873
335;795;450;794;795;0.0029873
335;795;450;795;0.0029873
335;795;794;0.0029873
335;795;794;795;0.0029873
335;795;795;0.0029873
335;796;0.0029873
335;796;797;0.0029873
335;797;0.0029873
335;826;0.00448096
335;826;710;0.0029873
335;906;0.00373413
335;906;258;0.00373413
337;0.00224048
338;0.0246453
338;73;0.00522778
338;73;258;0.00448096
338;73;307;0.00224048
338;73;307;258;0.00224048
338;74;0.00746826
338;74;103;0.00522778
338;74;103;258;0.0029873
338;74;103;720;0.00224048
338;74;258;0.0029873
338;74;720;0.00224048
338;103;0.00522778
338;103;258;0.0029873
338;103;720;0.00224048
338;258;0.0112024
338;307;0.00224048
338;307;258;0.00224048
338;333;0.0029873
338;333;790;0.0029873
338;403;0.0194175
338;403;73;0.00522778
338;403;73;258;0.00448096
338;403;73;307;0.00224048
338;403;73;307;258;0.00224048
338;403;74;0.00746826
338;403;74;103;0.00522778
338;403;74;103;258;0.0029873
338;403;74;103;720;0.00224048
338;403;74;258;0.0029873
338;403;74;720;0.00224048
338;403;103;0.00522778
338;403;103;258;0.0029873
338;403;103;720;0.00224048
338;403;258;0.0112024
338;403;307;0.00224048
338;403;307;258;0.00224048
338;403;333;0.0029873
338;403;333;790;0.0029873
338;403;720;0.00224048
338;403;790;0.0029873
338;403;906;0.00597461
338;403;906;258;0.00373413
338;720;0.00224048
338;790;0.0029873
338;797;0.00224048
338;803;0.00224048
338;803;797;0.00224048
338;906;0.00597461
338;906;258;0.00373413
339;0.00224048
340;0.00224048
343;0.0119492
343;130;0.0029873
343;343;0.00224048
343;344;0.00373413
343;354;0.00373413
343;372;0.00373413
343;372;130;0.0029873
344;0.00448096
349;0.00746826
349;349;0.00224048
351;0.0029873
354;0.00970874
355;0.00224048
356;0.00373413
358;0.00224048
362;0.00224048
365;0.00746826
365;366;0.00224048
365;366;367;0.00224048
365;366;367;368;0.00224048
365;366;367;368;369;0.00224048
365;366;367;368;369;370;0.00224048
365;366;367;368;370;0.00224048
365;366;367;369;0.00224048
365;366;367;369;370;0.00224048
365;366;367;370;0.00224048
365;366;368;0.00224048
365;366;368;369;0.00224048
365;366;368;369;370;0.00224048
365;366;368;370;0.00224048
365;366;369;0.00224048
365;366;369;370;0.00224048
365;366;370;0.00224048
365;367;0.00224048
365;367;368;0.00224048
365;367;368;369;0.00224048
365;367;368;369;370;0.00224048
365;367;368;370;0.00224048
365;367;369;0.00224048
365;367;369;370;0.00224048
365;367;370;0.00224048
365;368;0.00224048
365;368;369;0.00224048
365;368;369;370;0.00224048
365;368;370;0.00224048
365;369;0.00224048
365;369;370;0.00224048
365;370;0.00224048
366;0.00224048
366;367;0.00224048
366;367;368;0.00224048
366;367;368;369;0.00224048
366;367;368;369;370;0.00224048
366;367;368;370;0.00224048
366;367;369;0.00224048
366;367;369;370;0.00224048
366;367;370;0.00224048
366;368;0.00224048
366;368;369;0.00224048
366;368;369;370;0.00224048
366;368;370;0.00224048
366;369;0.00224048
366;369;370;0.00224048
366;370;0.00224048
367;0.00224048
367;368;0.00224048
367;368;369;0.00224048
367;368;369;370;0.00224048
367;368;370;0.00224048
367;369;0.00224048
367;369;370;0.00224048
367;370;0.00224048
368;0.00448096
368;369;0.00224048
368;369;370;0.00224048
368;370;0.00224048
369;0.00224048
369;370;0.00224048
370;0.00224048
372;0.00522778
372;130;0.0029873
375;0.00597461
377;0.00672143
378;0.00448096
380;0.0186707
380;258;0.00224048
380;338;0.00224048
380;338;258;0.00224048
380;338;403;0.00224048
380;338;403;258;0.00224048
380;403;0.00224048
380;403;258;0.00224048
390;0.0029873
391;0.00224048
392;0.0029873
393;0.0029873
398;0.00224048
398;399;0.00224048
399;0.0029873
401;0.00224048
402;0.00224048
403;0.0328603
403;73;0.00522778
403;73;258;0.00448096
403;73;307;0.00224048
403;73;307;258;0.00224048
403;74;0.00746826
403;74;103;0.00522778
403;74;103;258;0.0029873
403;74;103;720;0.00224048
403;74;258;0.0029873
403;74;720;0.00224048
403;103;0.00522778
403;103;258;0.0029873
403;103;720;0.00224048
403;119;0.00448096
403;119;710;0.00224048
403;258;0.0164302
403;258;119;0.00224048
403;258;119;710;0.00224048
403;258;710;0.0029873
403;307;0.0029873
403;307;258;0.0029873
403;333;0.0029873
403;333;790;0.0029873
403;403;0.00373413
403;558;0.00224048
403;558;258;0.00224048
403;710;0.0029873
403;720;0.00224048
403;756;0.00224048
403;790;0.00448096
403;906;0.00597461
403;906;258;0.00373413
404;0.00373413
415;0.00224048
421;0.00224048
427;0.00224048
427;404;0.00224048
431;0.00448096
442;0.00224048
443;0.0029873
443;177;0.0029873
443;177;443;0.00224048
443;443;0.0029873
443;443;177;0.00224048
446;0.00224048
448;0.00821509
448;790;0.00597461
449;0.021658
449;74;0.00597461
449;74;103;0.00448096
449;74;103;258;0.00224048
449;74;103;720;0.00224048
449;74;258;0.00224048
449;74;720;0.00224048
449;103;0.00448096
449;103;258;0.00224048
449;103;720;0.00224048
449;258;0.00373413
449;338;0.00821509
449;338;74;0.00597461
449;338;74;103;0.00448096
449;338;74;103;258;0.00224048
449;338;74;103;720;0.00224048
449;338;74;258;0.00224048
449;338;74;720;0.00224048
449;338;103;0.00448096
449;338;103;258;0.00224048
449;338;103;720;0.00224048
449;338;258;0.00373413
449;338;403;0.00746826
449;338;403;74;0.00597461
449;338;403;74;103;0.00448096
449;338;403;74;103;258;0.00224048
449;338;403;74;103;720;0.00224048
449;338;403;74;258;0.00224048
449;338;403;74;720;0.00224048
449;338;403;103;0.00448096
449;338;403;103;258;0.00224048
449;338;403;103;720;0.00224048
449;338;403;258;0.00373413
449;338;403;720;0.00224048
449;338;720;0.00224048
449;403;0.00746826
449;403;74;0.00597461
449;403;74;103;0.00448096
449;403;74;103;258;0.00224048
449;403;74;103;720;0.00224048
449;403;74;258;0.00224048
449;403;74;720;0.00224048
449;403;103;0.00448096
449;403;103;258;0.00224048
449;403;103;720;0.00224048
449;403;258;0.00373413
449;403;720;0.00224048
449;450;0.0149365
449;450;74;0.00597461
449;450;74;103;0.00448096
449;450;74;103;258;0.00224048
449;450;74;103;720;0.00224048
449;450;74;258;0.00224048
449;450;74;720;0.00224048
449;450;103;0.00448096
449;450;103;258;0.00224048
449;450;103;720;0.00224048
449;450;258;0.00373413
449;450;338;0.00821509
449;450;338;74;0.00597461
449;450;338;74;103;0.00448096
449;450;338;74;103;258;0.00224048
449;450;338;74;103;720;0.00224048
449;450;338;74;258;0.00224048
449;450;338;74;720;0.00224048
449;450;338;103;0.00448096
449;450;338;103;258;0.00224048
449;450;338;103;720;0.00224048
449;450;338;258;0.00373413
449;450;338;403;0.00746826
449;450;338;403;74;0.00597461
449;450;338;403;74;103;0.00448096
449;450;338;403;74;103;258;0.00224048
449;450;338;403;74;103;720;0.00224048
449;450;338;403;74;258;0.00224048
449;450;338;403;74;720;0.00224048
449;450;338;403;103;0.00448096
449;450;338;403;103;258;0.00224048
449;450;338;403;103;720;0.00224048
449;450;338;403;258;0.00373413
449;450;338;403;720;0.00224048
449;450;338;720;0.00224048
449;450;403;0.00746826
449;450;403;74;0.00597461
449;450;403;74;103;0.00448096
449;450;403;74;103;258;0.00224048
449;450;403;74;103;720;0.00224048
449;450;403;74;258;0.00224048
449;450;403;74;720;0.00224048
449;450;403;103;0.00448096
449;450;403;103;258;0.00224048
449;450;403;103;720;0.00224048
449;450;403;258;0.00373413
449;450;403;720;0.00224048
449;450;710;0.00821509
449;450;710;74;0.00373413
449;450;710;74;103;0.00224048
449;450;710;74;103;258;0.00224048
449;450;710;74;258;0.00224048
449;450;710;103;0.00224048
449;450;710;103;258;0.00224048
449;450;710;258;0.00373413
449;450;710;338;0.00522778
449;450;710;338;74;0.00373413
449;450;710;338;74;103;0.00224048
449;450;710;338;74;103;258;0.00224048
449;450;710;338;74;258;0.00224048
449;450;710;338;103;0.00224048
449;450;710;338;103;258;0.00224048
449;450;710;338;258;0.00373413
449;450;710;338;403;0.00522778
449;450;710;338;403;74;0.00373413
449;450;710;338;403;74;103;0.00224048
449;450;710;338;403;74;103;258;0.00224048
449;450;710;338;403;74;258;0.00224048
449;450;710;338;403;103;0.00224048
449;450;710;338;403;103;258;0.00224048
449;450;710;338;403;258;0.00373413
449;450;710;403;0.00522778
449;450;710;403;74;0.00373413
449;450;710;403;74;103;0.00224048
449;450;710;403;74;103;258;0.00224048
449;450;710;403;74;258;0.00224048
449;450;710;403;103;0.00224048
449;450;710;403;103;258;0.00224048
449;450;710;403;258;0.00373413
449;450;718;0.0029873
449;450;718;74;0.00224048
449;450;718;74;103;0.00224048
449;450;718;74;103;720;0.00224048
449;450;718;74;720;0.00224048
449;450;718;103;0.00224048
449;450;718;103;720;0.00224048
449;450;718;338;0.0029873
449;450;718;338;74;0.00224048
449;450;718;338;74;103;0.00224048
449;450;718;338;74;103;720;0.00224048
449;450;718;338;74;720;0.00224048
449;450;718;338;103;0.00224048
449;450;718;338;103;720;0.00224048
449;450;718;338;403;0.00224048
449;450;718;338;403;74;0.00224048
449;450;718;338;403;74;103;0.00224048
449;450;718;338;403;74;103;720;0.00224048
449;450;718;338;403;74;720;0.00224048
449;450;718;338;403;103;0.00224048
449;450;718;338;403;103;720;0.00224048
449;450;718;338;403;720;0.00224048
449;450;718;338;720;0.00224048
449;450;718;403;0.00224048
449;450;718;403;74;0.00224048
449;450;718;403;74;103;0.00224048
449;450;718;403;74;103;720;0.00224048
449;450;718;403;74;720;0.00224048
449;450;718;403;103;0.00224048
449;450;718;403;103;720;0.00224048
449;450;718;403;720;0.00224048
449;450;718;720;0.00224048
449;450;720;0.00224048
449;450;794;0.0029873
449;450;794;795;0.0029873
449;450;795;0.0029873
449;710;0.0149365
449;710;74;0.00373413
449;710;74;103;0.00224048
449;710;74;103;258;0.00224048
449;710;74;258;0.00224048
449;710;103;0.00224048
449;710;103;258;0.00224048
449;710;258;0.00373413
449;710;338;0.00522778
449;710;338;74;0.00373413
449;710;338;74;103;0.00224048
449;710;338;74;103;258;0.00224048
449;710;338;74;258;0.00224048
449;710;338;103;0.00224048
449;710;338;103;258;0.00224048
449;710;338;258;0.00373413
449;710;338;403;0.00522778
449;710;338;403;74;0.00373413
449;710;338;403;74;103;0.00224048
449;710;338;403;74;103;258;0.00224048
449;710;338;403;74;258;0.00224048
449;710;338;403;103;0.00224048
449;710;338;403;103;258;0.00224048
449;710;338;403;258;0.00373413
449;710;403;0.00522778
449;710;403;74;0.00373413
449;710;403;74;103;0.00224048
449;710;403;74;103;258;0.00224048
449;710;403;74;258;0.00224048
449;710;403;103;0.00224048
449;710;403;103;258;0.00224048
449;710;403;258;0.00373413
449;710;450;0.00821509
449;710;450;74;0.00373413
449;710;450;74;103;0.00224048
449;710;450;74;103;258;0.00224048
449;710;450;74;258;0.00224048
449;710;450;103;0.00224048
449;710;450;103;258;0.00224048
449;710;450;258;0.00373413
449;710;450;338;0.00522778
449;710;450;338;74;0.00373413
449;710;450;338;74;103;0.00224048
449;710;450;338;74;103;258;0.00224048
449;710;450;338;74;258;0.00224048
449;710;450;338;103;0.00224048
449;710;450;338;103;258;0.00224048
449;710;450;338;258;0.00373413
449;710;450;338;403;0.00522778
449;710;450;338;403;74;0.00373413
449;710;450;338;403;74;103;0.00224048
449;710;450;338;403;74;103;258;0.00224048
449;710;450;338;403;74;258;0.00224048
449;710;450;338;403;103;0.00224048
449;710;450;338;403;103;258;0.00224048
449;710;450;338;403;258;0.00373413
449;710;450;403;0.00522778
449;710;450;403;74;0.00373413
449;710;450;403;74;103;0.00224048
449;710;450;403;74;103;258;0.00224048
449;710;450;403;74;258;0.00224048
449;710;450;403;103;0.00224048
449;710;450;403;103;258;0.00224048
449;710;450;403;258;0.00373413
449;710;450;710;0.00821509
449;710;450;710;74;0.00373413
449;710;450;710;74;103;0.00224048
449;710;450;710;74;103;258;0.00224048
449;710;450;710;74;258;0.00224048
449;710;450;710;103;0.00224048
449;710;450;710;103;258;0.00224048
449;710;450;710;258;0.00373413
449;710;450;710;338;0.00522778
449;710;450;710;338;74;0.00373413
449;710;450;710;338;74;103;0.00224048
449;710;450;710;338;74;103;258;0.00224048
449;710;450;710;338;74;258;0.00224048
449;710;450;710;338;103;0.00224048
449;710;450;710;338;103;258;0.00224048
449;710;450;710;338;258;0.00373413
449;710;450;710;338;403;0.00522778
449;710;450;710;338;403;74;0.00373413
449;710;450;710;338;403;74;103;0.00224048
449;710;450;710;338;403;74;103;258;0.00224048
449;710;450;710;338;403;74;258;0.00224048
449;710;450;710;338;403;103;0.00224048
449;710;450;710;338;403;103;258;0.00224048
449;710;450;710;338;403;258;0.00373413
449;710;450;710;403;0.00522778
449;710;450;710;403;74;0.00373413
449;710;450;710;403;74;103;0.00224048
449;710;450;710;403;74;103;258;0.00224048
449;710;450;710;403;74;258;0.00224048
449;710;450;710;403;103;0.00224048
449;710;450;710;403;103;258;0.00224048
449;710;450;710;403;258;0.00373413
449;710;710;0.00896191
449;710;710;74;0.00373413
449;710;710;74;103;0.00224048
449;710;710;74;103;258;0.00224048
449;710;710;74;258;0.00224048
449;710;710;103;0.00224048
449;710;710;103;258;0.00224048
449;710;710;258;0.00373413
449;710;710;338;0.00522778
449;710;710;338;74;0.00373413
449;710;710;338;74;103;0.00224048
449;710;710;338;74;103;258;0.00224048
449;710;710;338;74;258;0.00224048
449;710;710;338;103;0.00224048
449;710;710;338;103;258;0.00224048
449;710;710;338;258;0.00373413
449;710;710;338;403;0.00522778
449;710;710;338;403;74;0.00373413
449;710;710;338;403;74;103;0.00224048
449;710;710;338;403;74;103;258;0.00224048
449;710;710;338;403;74;258;0.00224048
449;710;710;338;403;103;0.00224048
449;710;710;338;403;103;258;0.00224048
449;710;710;338;403;258;0.00373413
449;710;710;403;0.00522778
449;710;710;403;74;0.00373413
449;710;710;403;74;103;0.00224048
449;710;710;403;74;103;258;0.00224048
449;710;710;403;74;258;0.00224048
449;710;710;403;103;0.00224048
449;710;710;403;103;258;0.00224048
449;710;710;403;258;0.00373413
449;718;0.0029873
449;718;74;0.00224048
449;718;74;103;0.00224048
449;718;74;103;720;0.00224048
449;718;74;720;0.00224048
449;718;103;0.00224048
449;718;103;720;0.00224048
449;718;338;0.0029873
449;718;338;74;0.00224048
449;718;338;74;103;0.00224048
449;718;338;74;103;720;0.00224048
449;718;338;74;720;0.00224048
449;718;338;103;0.00224048
449;718;338;103;720;0.00224048
449;718;338;403;0.00224048
449;718;338;403;74;0.00224048
449;718;338;403;74;103;0.00224048
449;718;338;403;74;103;720;0.00224048
449;718;338;403;74;720;0.00224048
449;718;338;403;103;0.00224048
449;718;338;403;103;720;0.00224048
449;718;338;403;720;0.00224048
449;718;338;720;0.00224048
449;718;403;0.00224048
449;718;403;74;0.00224048
449;718;403;74;103;0.00224048
449;718;403;74;103;720;0.00224048
449;718;403;74;720;0.00224048
449;718;403;103;0.00224048
449;718;403;103;720;0.00224048
449;718;403;720;0.00224048
449;718;450;0.0029873
449;718;450;74;0.00224048
449;718;450;74;103;0.00224048
449;718;450;74;103;720;0.00224048
449;718;450;74;720;0.00224048
449;718;450;103;0.00224048
449;718;450;103;720;0.00224048
449;718;450;338;0.0029873
449;718;450;338;74;0.00224048
449;718;450;338;74;103;0.00224048
449;718;450;338;74;103;720;0.00224048
449;718;450;338;74;720;0.00224048
449;718;450;338;103;0.00224048
449;718;450;338;103;720;0.00224048
449;718;450;338;403;0.00224048
449;718;450;338;403;74;0.00224048
449;718;450;338;403;74;103;0.00224048
449;718;450;338;403;74;103;720;0.00224048
449;718;450;338;403;74;720;0.00224048
449;718;450;338;403;103;0.00224048
449;718;450;338;403;103;720;0.00224048
449;718;450;338;403;720;0.00224048
449;718;450;338;720;0.00224048
449;718;450;403;0.00224048
449;718;450;403;74;0.00224048
449;718;450;403;74;103;0.00224048
449;718;450;403;74;103;720;0.00224048
449;718;450;403;74;720;0.00224048
449;718;450;403;103;0.00224048
449;718;450;403;103;720;0.00224048
449;718;450;403;720;0.00224048
449;718;450;718;0.0029873
449;718;450;718;74;0.00224048
449;718;450;718;74;103;0.00224048
449;718;450;718;74;103;720;0.00224048
449;718;450;718;74;720;0.00224048
449;718;450;718;103;0.00224048
449;718;450;718;103;720;0.00224048
449;718;450;718;338;0.0029873
449;718;450;718;338;74;0.00224048
449;718;450;718;338;74;103;0.00224048
449;718;450;718;338;74;103;720;0.00224048
449;718;450;718;338;74;720;0.00224048
449;718;450;718;338;103;0.00224048
449;718;450;718;338;103;720;0.00224048
449;718;450;718;338;403;0.00224048
449;718;450;718;338;403;74;0.00224048
449;718;450;718;338;403;74;103;0.00224048
449;718;450;718;338;403;74;103;720;0.00224048
449;718;450;718;338;403;74;720;0.00224048
449;718;450;718;338;403;103;0.00224048
449;718;450;718;338;403;103;720;0.00224048
449;718;450;718;338;403;720;0.00224048
449;718;450;718;338;720;0.00224048
449;718;450;718;403;0.00224048
449;718;450;718;403;74;0.00224048
449;718;450;718;403;74;103;0.00224048
449;718;450;718;403;74;103;720;0.00224048
449;718;450;718;403;74;720;0.00224048
449;718;450;718;403;103;0.00224048
449;718;450;718;403;103;720;0.00224048
449;718;450;718;403;720;0.00224048
449;718;450;718;720;0.00224048
449;718;450;720;0.00224048
449;718;718;0.0029873
449;718;718;74;0.00224048
449;718;718;74;103;0.00224048
449;718;718;74;103;720;0.00224048
449;718;718;74;720;0.00224048
449;718;718;103;0.00224048
449;718;718;103;720;0.00224048
449;718;718;338;0.0029873
449;718;718;338;74;0.00224048
449;718;718;338;74;103;0.00224048
449;718;718;338;74;103;720;0.00224048
449;718;718;338;74;720;0.00224048
449;718;718;338;103;0.00224048
449;718;718;338;103;720;0.00224048
449;718;718;338;403;0.00224048
449;718;718;338;403;74;0.00224048
449;718;718;338;403;74;103;0.00224048
449;718;718;338;403;74;103;720;0.00224048
449;718;718;338;403;74;720;0.00224048
449;718;718;338;403;103;0.00224048
449;718;718;338;403;103;720;0.00224048
449;718;718;338;403;720;0.00224048
449;718;718;338;720;0.00224048
449;718;718;403;0.00224048
449;718;718;403;74;0.00224048
449;718;718;403;74;103;0.00224048
449;718;718;403;74;103;720;0.00224048
449;718;718;403;74;720;0.00224048
449;718;718;403;103;0.00224048
449;718;718;403;103;720;0.00224048
449;718;718;403;720;0.00224048
449;718;718;720;0.00224048
449;718;720;0.00224048
449;720;0.00224048
449;794;0.0029873
449;794;450;0.0029873
449;794;450;794;0.0029873
449;794;450;794;795;0.0029873
449;794;450;795;0.0029873
449;794;794;0.0029873
449;794;794;795;0.0029873
449;794;795;0.0029873
449;794;795;450;0.0029873
449;794;795;450;794;0.0029873
449;794;795;450;794;795;0.0029873
449;794;795;450;795;0.0029873
449;794;795;794;0.0029873
449;794;795;794;795;0.0029873
449;794;795;795;0.0029873
449;795;0.0029873
449;795;450;0.0029873
449;795;450;794;0.0029873
449;795;450;794;795;0.0029873
449;795;450;795;0.0029873
449;795;794;0.0029873
449;795;794;795;0.0029873
449;795;795;0.0029873
449;826;0.00224048
450;0.0321135
450;73;0.0029873
450;73;258;0.00224048
450;74;0.00597461
450;74;103;0.00448096
450;74;103;258;0.00224048
450;74;103;720;0.00224048
450;74;258;0.00224048
450;74;720;0.00224048
450;103;0.00448096
450;103;258;0.00224048
450;103;720;0.00224048
450;258;0.00522778
450;338;0.0119492
450;338;73;0.0029873
450;338;73;258;0.00224048
450;338;74;0.00597461
450;338;74;103;0.00448096
450;338;74;103;258;0.00224048
450;338;74;103;720;0.00224048
450;338;74;258;0.00224048
450;338;74;720;0.00224048
450;338;103;0.00448096
450;338;103;258;0.00224048
450;338;103;720;0.00224048
450;338;258;0.00522778
450;338;403;0.0112024
450;338;403;73;0.0029873
450;338;403;73;258;0.00224048
450;338;403;74;0.00597461
450;338;403;74;103;0.00448096
450;338;403;74;103;258;0.00224048
450;338;403;74;103;720;0.00224048
450;338;403;74;258;0.00224048
450;338;403;74;720;0.00224048
450;338;403;103;0.00448096
450;338;403;103;258;0.00224048
450;338;403;103;720;0.00224048
450;338;403;258;0.00522778
450;338;403;720;0.00224048
450;338;403;906;0.00224048
450;338;720;0.00224048
450;338;906;0.00224048
450;403;0.0112024
450;403;73;0.0029873
450;403;73;258;0.00224048
450;403;74;0.00597461
450;403;74;103;0.00448096
450;403;74;103;258;0.00224048
450;403;74;103;720;0.00224048
450;403;74;258;0.00224048
450;403;74;720;0.00224048
450;403;103;0.00448096
450;403;103;258;0.00224048
450;403;103;720;0.00224048
450;403;258;0.00522778
450;403;720;0.00224048
450;403;906;0.00224048
450;710;0.0186707
450;710;73;0.00224048
450;710;73;258;0.00224048
450;710;74;0.00373413
450;710;74;103;0.00224048
450;710;74;103;258;0.00224048
450;710;74;258;0.00224048
450;710;103;0.00224048
450;710;103;258;0.00224048
450;710;258;0.00522778
450;710;338;0.00746826
450;710;338;73;0.00224048
450;710;338;73;258;0.00224048
450;710;338;74;0.00373413
450;710;338;74;103;0.00224048
450;710;338;74;103;258;0.00224048
450;710;338;74;258;0.00224048
450;710;338;103;0.00224048
450;710;338;103;258;0.00224048
450;710;338;258;0.00522778
450;710;338;403;0.00746826
450;710;338;403;73;0.00224048
450;710;338;403;73;258;0.00224048
450;710;338;403;74;0.00373413
450;710;338;403;74;103;0.00224048
450;710;338;403;74;103;258;0.00224048
450;710;338;403;74;258;0.00224048
450;710;338;403;103;0.00224048
450;710;338;403;103;258;0.00224048
450;710;338;403;258;0.00522778
450;710;403;0.00746826
450;710;403;73;0.00224048
450;710;403;73;258;0.00224048
450;710;403;74;0.00373413
450;710;403;74;103;0.00224048
450;710;403;74;103;258;0.00224048
450;710;403;74;258;0.00224048
450;710;403;103;0.00224048
450;710;403;103;258;0.00224048
450;710;403;258;0.00522778
450;710;710;0.0029873
450;710;826;0.00224048
450;710;826;710;0.00224048
450;718;0.00821509
450;718;74;0.00224048
450;718;74;103;0.00224048
450;718;74;103;720;0.00224048
450;718;74;720;0.00224048
450;718;103;0.00224048
450;718;103;720;0.00224048
450;718;338;0.00448096
450;718;338;74;0.00224048
450;718;338;74;103;0.00224048
450;718;338;74;103;720;0.00224048
450;718;338;74;720;0.00224048
450;718;338;103;0.00224048
450;718;338;103;720;0.00224048
450;718;338;403;0.00373413
450;718;338;403;74;0.00224048
450;718;338;403;74;103;0.00224048
450;718;338;403;74;103;720;0.00224048
450;718;338;403;74;720;0.00224048
450;718;338;403;103;0.00224048
450;718;338;403;103;720;0.00224048
450;718;338;403;720;0.00224048
450;718;338;720;0.00224048
450;718;403;0.00373413
450;718;403;74;0.00224048
450;718;403;74;103;0.00224048
450;718;403;74;103;720;0.00224048
450;718;403;74;720;0.00224048
450;718;403;103;0.00224048
450;718;403;103;720;0.00224048
450;718;403;720;0.00224048
450;718;720;0.00224048
450;720;0.00224048
450;794;0.00373413
450;794;795;0.00373413
450;795;0.00373413
450;826;0.00224048
450;826;710;0.00224048
450;906;0.00224048
451;0.00224048
452;0.00224048
453;0.00224048
465;0.00224048
467;0.00224048
468;0.00224048
472;0.0029873
476;0.00373413
476;797;0.00224048
486;0.00224048
487;0.00522778
489;0.00448096
489;493;0.00224048
493;0.00373413
495;0.00224048
495;286;0.00224048
495;286;288;0.00224048
495;286;288;380;0.00224048
495;286;380;0.00224048
495;286;497;0.00224048
495;286;497;288;0.00224048
495;286;497;288;380;0.00224048
495;286;497;380;0.00224048
495;286;497;498;0.00224048
495;286;497;498;288;0.00224048
495;286;497;498;288;380;0.00224048
495;286;497;498;380;0.00224048
495;286;497;498;499;0.00224048
495;286;497;498;499;288;0.00224048
495;286;497;498;499;288;380;0.00224048
495;286;497;498;499;380;0.00224048
495;286;497;499;0.00224048
495;286;497;499;288;0.00224048
495;286;497;499;288;380;0.00224048
495;286;497;499;380;0.00224048
495;286;498;0.00224048
495;286;498;288;0.00224048
495;286;498;288;380;0.00224048
495;286;498;380;0.00224048
495;286;498;499;0.00224048
495;286;498;499;288;0.00224048
495;286;498;499;288;380;0.00224048
495;286;498;499;380;0.00224048
495;286;499;0.00224048
495;286;499;288;0.00224048
495;286;499;288;380;0.00224048
495;286;499;380;0.00224048
495;288;0.00224048
495;288;380;0.00224048
495;380;0.00224048
495;497;0.00224048
495;497;288;0.00224048
495;497;288;380;0.00224048
495;497;380;0.00224048
495;497;498;0.00224048
495;497;498;288;0.00224048
495;497;498;288;380;0.00224048
495;497;498;380;0.00224048
495;497;498;499;0.00224048
495;497;498;499;288;0.00224048
495;497;498;499;288;380;0.00224048
495;497;498;499;380;0.00224048
495;497;499;0.00224048
495;497;499;288;0.00224048
495;497;499;288;380;0.00224048
495;497;499;380;0.00224048
495;498;0.00224048
495;498;288;0.00224048
495;498;288;380;0.00224048
495;498;380;0.00224048
495;498;499;0.00224048
495;498;499;288;0.00224048
495;498;499;288;380;0.00224048
495;498;499;380;0.00224048
495;499;0.00224048
495;499;288;0.00224048
495;499;288;380;0.00224048
495;499;380;0.00224048
496;0.00373413
497;0.00224048
497;288;0.00224048
497;288;380;0.00224048
497;380;0.00224048
497;498;0.00224048
497;498;288;0.00224048
497;498;288;380;0.00224048
497;498;380;0.00224048
497;498;499;0.00224048
497;498;499;288;0.00224048
497;498;499;288;380;0.00224048
497;498;499;380;0.00224048
497;499;0.00224048
497;499;288;0.00224048
497;499;288;380;0.00224048
497;499;380;0.00224048
498;0.00224048
498;288;0.00224048
498;288;380;0.00224048
498;380;0.00224048
498;499;0.00224048
498;499;288;0.00224048
498;499;288;380;0.00224048
498;499;380;0.00224048
499;0.00224048
499;288;0.00224048
499;288;380;0.00224048
499;380;0.00224048
500;0.00373413
500;500;0.0029873
509;0.00522778
527;0.00672143
527;58;0.0029873
528;0.00373413
530;0.00224048
540;0.00224048
542;0.00224048
542;399;0.00224048
543;0.00224048
545;0.00522778
546;0.0029873
554;0.00224048
558;0.0156833
558;119;0.00224048
558;119;710;0.00224048
558;258;0.00746826
558;258;710;0.00224048
558;403;0.00373413
558;403;258;0.00373413
558;710;0.00448096
562;0.0029873
563;0.00224048
565;0.0029873
567;0.00224048
568;0.00224048
571;0.00224048
576;0.0029873
580;0.0029873
581;0.00224048
584;0.00224048
592;0.00746826
592;797;0.00672143
596;0.00373413
596;258;0.00224048
596;307;0.00224048
596;307;258;0.00224048
596;403;0.00224048
596;403;258;0.00224048
596;403;307;0.00224048
596;403;307;258;0.00224048
596;710;0.00224048
597;0.00224048
601;0.0410754
601;14;0.00373413
601;74;0.00672143
601;74;103;0.00448096
601;74;103;258;0.00224048
601;74;103;720;0.00224048
601;74;258;0.00224048
601;74;720;0.00224048
601;103;0.00448096
601;103;258;0.00224048
601;103;720;0.00224048
601;258;0.00373413
601;333;0.00672143
601;333;333;0.00373413
601;333;333;717;0.00373413
601;333;717;0.00373413
601;333;717;333;0.00373413
601;333;717;333;717;0.00373413
601;333;717;717;0.00373413
601;333;790;0.00224048
601;338;0.0119492
601;338;74;0.00672143
601;338;74;103;0.00448096
601;338;74;103;258;0.00224048
601;338;74;103;720;0.00224048
601;338;74;258;0.00224048
601;338;74;720;0.00224048
601;338;103;0.00448096
601;338;103;258;0.00224048
601;338;103;720;0.00224048
601;338;258;0.0029873
601;338;333;0.00224048
601;338;333;790;0.00224048
601;338;403;0.0104556
601;338;403;74;0.00672143
601;338;403;74;103;0.00448096
601;338;403;74;103;258;0.00224048
601;338;403;74;103;720;0.00224048
601;338;403;74;258;0.00224048
601;338;403;74;720;0.00224048
601;338;403;103;0.00448096
601;338;403;103;258;0.00224048
601;338;403;103;720;0.00224048
601;338;403;258;0.0029873
601;338;403;333;0.00224048
601;338;403;333;790;0.00224048
601;338;403;720;0.00224048
601;338;403;790;0.00224048
601;338;403;906;0.00224048
601;338;720;0.00224048
601;338;790;0.00224048
601;338;906;0.00224048
601;403;0.0104556
601;403;74;0.00672143
601;403;74;103;0.00448096
601;403;74;103;258;0.00224048
601;403;74;103;720;0.00224048
601;403;74;258;0.00224048
601;403;74;720;0.00224048
601;403;103;0.00448096
601;403;103;258;0.00224048
601;403;103;720;0.00224048
601;403;258;0.0029873
601;403;333;0.00224048
601;403;333;790;0.00224048
601;403;720;0.00224048
601;403;790;0.00224048
601;403;906;0.00224048
601;448;0.00224048
601;448;790;0.00224048
601;449;0.0104556
601;449;74;0.00597461
601;449;74;103;0.00448096
601;449;74;103;258;0.00224048
601;449;74;103;720;0.00224048
601;449;74;258;0.00224048
601;449;74;720;0.00224048
601;449;103;0.00448096
601;449;103;258;0.00224048
601;449;103;720;0.00224048
601;449;258;0.00224048
601;449;338;0.00672143
601;449;338;74;0.00597461
601;449;338;74;103;0.00448096
601;449;338;74;103;258;0.00224048
601;449;338;74;103;720;0.00224048
601;449;338;74;258;0.00224048
601;449;338;74;720;0.00224048
601;449;338;103;0.00448096
601;449;338;103;258;0.00224048
601;449;338;103;720;0.00224048
601;449;338;258;0.00224048
601;449;338;403;0.00597461
601;449;338;403;74;0.00597461
601;449;338;403;74;103;0.00448096
601;449;338;403;74;103;258;0.00224048
601;449;338;403;74;103;720;0.00224048
601;449;338;403;74;258;0.00224048
601;449;338;403;74;720;0.00224048
601;449;338;403;103;0.00448096
601;449;338;403;103;258;0.00224048
601;449;338;403;103;720;0.00224048
601;449;338;403;258;0.00224048
601;449;338;403;720;0.00224048
601;449;338;720;0.00224048
601;449;403;0.00597461
601;449;403;74;0.00597461
601;449;403;74;103;0.00448096
601;449;403;74;103;258;0.00224048
601;449;403;74;103;720;0.00224048
601;449;403;74;258;0.00224048
601;449;403;74;720;0.00224048
601;449;403;103;0.00448096
601;449;403;103;258;0.00224048
601;449;403;103;720;0.00224048
601;449;403;258;0.00224048
601;449;403;720;0.00224048
601;449;450;0.00896191
601;449;450;74;0.00597461
601;449;450;74;103;0.00448096
601;449;450;74;103;258;0.00224048
601;449;450;74;103;720;0.00224048
601;449;450;74;258;0.00224048
601;449;450;74;720;0.00224048
601;449;450;103;0.00448096
601;449;450;103;258;0.00224048
601;449;450;103;720;0.00224048
601;449;450;258;0.00224048
601;449;450;338;0.00672143
601;449;450;338;74;0.00597461
601;449;450;338;74;103;0.00448096
601;449;450;338;74;103;258;0.00224048
601;449;450;338;74;103;720;0.00224048
601;449;450;338;74;258;0.00224048
601;449;450;338;74;720;0.00224048
601;449;450;338;103;0.00448096
601;449;450;338;103;258;0.00224048
601;449;450;338;103;720;0.00224048
601;449;450;338;258;0.00224048
601;449;450;338;403;0.00597461
601;449;450;338;403;74;0.00597461
601;449;450;338;403;74;103;0.00448096
601;449;450;338;403;74;103;258;0.00224048
601;449;450;338;403;74;103;720;0.00224048
601;449;450;338;403;74;258;0.00224048
601;449;450;338;403;74;720;0.00224048
601;449;450;338;403;103;0.00448096
601;449;450;338;403;103;258;0.00224048
601;449;450;338;403;103;720;0.00224048
601;449;450;338;403;258;0.00224048
601;449;450;338;403;720;0.00224048
601;449;450;338;720;0.00224048
601;449;450;403;0.00597461
601;449;450;403;74;0.00597461
601;449;450;403;74;103;0.00448096
601;449;450;403;74;103;258;0.00224048
601;449;450;403;74;103;720;0.00224048
601;449;450;403;74;258;0.00224048
601;449;450;403;74;720;0.00224048
601;449;450;403;103;0.00448096
601;449;450;403;103;258;0.00224048
601;449;450;403;103;720;0.00224048
601;449;450;403;258;0.00224048
601;449;450;403;720;0.00224048
601;449;450;710;0.00597461
601;449;450;710;74;0.00373413
601;449;450;710;74;103;0.00224048
601;449;450;710;74;103;258;0.00224048
601;449;450;710;74;258;0.00224048
601;449;450;710;103;0.00224048
601;449;450;710;103;258;0.00224048
601;449;450;710;258;0.00224048
601;449;450;710;338;0.00373413
601;449;450;710;338;74;0.00373413
601;449;450;710;338;74;103;0.00224048
601;449;450;710;338;74;103;258;0.00224048
601;449;450;710;338;74;258;0.00224048
601;449;450;710;338;103;0.00224048
601;449;450;710;338;103;258;0.00224048
601;449;450;710;338;258;0.00224048
601;449;450;710;338;403;0.00373413
601;449;450;710;338;403;74;0.00373413
601;449;450;710;338;403;74;103;0.00224048
601;449;450;710;338;403;74;103;258;0.00224048
601;449;450;710;338;403;74;258;0.00224048
601;449;450;710;338;403;103;0.00224048
601;449;450;710;338;403;103;258;0.00224048
601;449;450;710;338;403;258;0.00224048
601;449;450;710;403;0.00373413
601;449;450;710;403;74;0.00373413
601;449;450;710;403;74;103;0.00224048
601;449;450;710;403;74;103;258;0.00224048
601;449;450;710;403;74;258;0.00224048
601;449;450;710;403;103;0.00224048
601;449;450;710;403;103;258;0.00224048
601;449;450;710;403;258;0.00224048
601;449;450;718;0.0029873
601;449;450;718;74;0.00224048
601;449;450;718;74;103;0.00224048
601;449;450;718;74;103;720;0.00224048
601;449;450;718;74;720;0.00224048
601;449;450;718;103;0.00224048
601;449;450;718;103;720;0.00224048
601;449;450;718;338;0.0029873
601;449;450;718;338;74;0.00224048
601;449;450;718;338;74;103;0.00224048
601;449;450;718;338;74;103;720;0.00224048
601;449;450;718;338;74;720;0.00224048
601;449;450;718;338;103;0.00224048
601;449;450;718;338;103;720;0.00224048
601;449;450;718;338;403;0.00224048
601;449;450;718;338;403;74;0.00224048
601;449;450;718;338;403;74;103;0.00224048
601;449;450;718;338;403;74;103;720;0.00224048
601;449;450;718;338;403;74;720;0.00224048
601;449;450;718;338;403;103;0.00224048
601;449;450;718;338;403;103;720;0.00224048
601;449;450;718;338;403;720;0.00224048
601;449;450;718;338;720;0.00224048
601;449;450;718;403;0.00224048
601;449;450;718;403;74;0.00224048
601;449;450;718;403;74;103;0.00224048
601;449;450;718;403;74;103;720;0.00224048
601;449;450;718;403;74;720;0.00224048
601;449;450;718;403;103;0.00224048
601;449;450;718;403;103;720;0.00224048
601;449;450;718;403;720;0.00224048
601;449;450;718;720;0.00224048
601;449;450;720;0.00224048
601;449;710;0.00746826
601;449;710;74;0.00373413
601;449;710;74;103;0.00224048
601;449;710;74;103;258;0.00224048
601;449;710;74;258;0.00224048
601;449;710;103;0.00224048
601;449;710;103;258;0.00224048
601;449;710;258;0.00224048
601;449;710;338;0.00373413
601;449;710;338;74;0.00373413
601;449;710;338;74;103;0.00224048
601;449;710;338;74;103;258;0.00224048
601;449;710;338;74;258;0.00224048
601;449;710;338;103;0.00224048
601;449;710;338;103;258;0.00224048
601;449;710;338;258;0.00224048
601;449;710;338;403;0.00373413
601;449;710;338;403;74;0.00373413
601;449;710;338;403;74;103;0.00224048
601;449;710;338;403;74;103;258;0.00224048
601;449;710;338;403;74;258;0.00224048
601;449;710;338;403;103;0.00224048
601;449;710;338;403;103;258;0.00224048
601;449;710;338;403;258;0.00224048
601;449;710;403;0.00373413
601;449;710;403;74;0.00373413
601;449;710;403;74;103;0.00224048
601;449;710;403;74;103;258;0.00224048
601;449;710;403;74;258;0.00224048
601;449;710;403;103;0.00224048
601;449;710;403;103;258;0.00224048
601;449;710;403;258;0.00224048
601;449;710;450;0.00597461
601;449;710;450;74;0.00373413
601;449;710;450;74;103;0.00224048
601;449;710;450;74;103;258;0.00224048
601;449;710;450;74;258;0.00224048
601;449;710;450;103;0.00224048
601;449;710;450;103;258;0.00224048
601;449;710;450;258;0.00224048
601;449;710;450;338;0.00373413
601;449;710;450;338;74;0.00373413
601;449;710;450;338;74;103;0.00224048
601;449;710;450;338;74;103;258;0.00224048
601;449;710;450;338;74;258;0.00224048
601;449;710;450;338;103;0.00224048
601;449;710;450;338;103;258;0.00224048
601;449;710;450;338;258;0.00224048
601;449;710;450;338;403;0.00373413
601;449;710;450;338;403;74;0.00373413
601;449;710;450;338;403;74;103;0.00224048
601;449;710;450;338;403;74;103;258;0.00224048
601;449;710;450;338;403;74;258;0.00224048
601;449;710;450;338;403;103;0.00224048
601;449;710;450;338;403;103;258;0.00224048
601;449;710;450;338;403;258;0.00224048
601;449;710;450;403;0.00373413
601;449;710;450;403;74;0.00373413
601;449;710;450;403;74;103;0.00224048
601;449;710;450;403;74;103;258;0.00224048
601;449;710;450;403;74;258;0.00224048
601;449;710;450;403;103;0.00224048
601;449;710;450;403;103;258;0.00224048
601;449;710;450;403;258;0.00224048
601;449;710;450;710;0.00597461
601;449;710;450;710;74;0.00373413
601;449;710;450;710;74;103;0.00224048
601;449;710;450;710;74;103;258;0.00224048
601;449;710;450;710;74;258;0.00224048
601;449;710;450;710;103;0.00224048
601;449;710;450;710;103;258;0.00224048
601;449;710;450;710;258;0.00224048
601;449;710;450;710;338;0.00373413
601;449;710;450;710;338;74;0.00373413
601;449;710;450;710;338;74;103;0.00224048
601;449;710;450;710;338;74;103;258;0.00224048
601;449;710;450;710;338;74;258;0.00224048
601;449;710;450;710;338;103;0.00224048
601;449;710;450;710;338;103;258;0.00224048
601;449;710;450;710;338;258;0.00224048
601;449;710;450;710;338;403;0.00373413
601;449;710;450;710;338;403;74;0.00373413
601;449;710;450;710;338;403;74;103;0.00224048
601;449;710;450;710;338;403;74;103;258;0.00224048
601;449;710;450;710;338;403;74;258;0.00224048
601;449;710;450;710;338;403;103;0.00224048
601;449;710;450;710;338;403;103;258;0.00224048
601;449;710;450;710;338;403;258;0.00224048
601;449;710;450;710;403;0.00373413
601;449;710;450;710;403;74;0.00373413
601;449;710;450;710;403;74;103;0.00224048
601;449;710;450;710;403;74;103;258;0.00224048
601;449;710;450;710;403;74;258;0.00224048
601;449;710;450;710;403;103;0.00224048
601;449;710;450;710;403;103;258;0.00224048
601;449;710;450;710;403;258;0.00224048
601;449;710;710;0.00597461
601;449;710;710;74;0.00373413
601;449;710;710;74;103;0.00224048
601;449;710;710;74;103;258;0.00224048
601;449;710;710;74;258;0.00224048
601;449;710;710;103;0.00224048
601;449;710;710;103;258;0.00224048
601;449;710;710;258;0.00224048
601;449;710;710;338;0.00373413
601;449;710;710;338;74;0.00373413
601;449;710;710;338;74;103;0.00224048
601;449;710;710;338;74;103;258;0.00224048
601;449;710;710;338;74;258;0.00224048
601;449;710;710;338;103;0.00224048
601;449;710;710;338;103;258;0.00224048
601;449;710;710;338;258;0.00224048
601;449;710;710;338;403;0.00373413
601;449;710;710;338;403;74;0.00373413
601;449;710;710;338;403;74;103;0.00224048
601;449;710;710;338;403;74;103;258;0.00224048
601;449;710;710;338;403;74;258;0.00224048
601;449;710;710;338;403;103;0.00224048
601;449;710;710;338;403;103;258;0.00224048
601;449;710;710;338;403;258;0.00224048
601;449;710;710;403;0.00373413
601;449;710;710;403;74;0.00373413
601;449;710;710;403;74;103;0.00224048
601;449;710;710;403;74;103;258;0.00224048
601;449;710;710;403;74;258;0.00224048
601;449;710;710;403;103;0.00224048
601;449;710;710;403;103;258;0.00224048
601;449;710;710;403;258;0.00224048
601;449;718;0.0029873
601;449;718;74;0.00224048
601;449;718;74;103;0.00224048
601;449;718;74;103;720;0.00224048
601;449;718;74;720;0.00224048
601;449;718;103;0.00224048
601;449;718;103;720;0.00224048
601;449;718;338;0.0029873
601;449;718;338;74;0.00224048
601;449;718;338;74;103;0.00224048
601;449;718;338;74;103;720;0.00224048
601;449;718;338;74;720;0.00224048
601;449;718;338;103;0.00224048
601;449;718;338;103;720;0.00224048
601;449;718;338;403;0.00224048
601;449;718;338;403;74;0.00224048
601;449;718;338;403;74;103;0.00224048
601;449;718;338;403;74;103;720;0.00224048
601;449;718;338;403;74;720;0.00224048
601;449;718;338;403;103;0.00224048
601;449;718;338;403;103;720;0.00224048
601;449;718;338;403;720;0.00224048
601;449;718;338;720;0.00224048
601;449;718;403;0.00224048
601;449;718;403;74;0.00224048
601;449;718;403;74;103;0.00224048
601;449;718;403;74;103;720;0.00224048
601;449;718;403;74;720;0.00224048
601;449;718;403;103;0.00224048
601;449;718;403;103;720;0.00224048
601;449;718;403;720;0.00224048
601;449;718;450;0.0029873
601;449;718;450;74;0.00224048
601;449;718;450;74;103;0.00224048
601;449;718;450;74;103;720;0.00224048
601;449;718;450;74;720;0.00224048
601;449;718;450;103;0.00224048
601;449;718;450;103;720;0.00224048
601;449;718;450;338;0.0029873
601;449;718;450;338;74;0.00224048
601;449;718;450;338;74;103;0.00224048
601;449;718;450;338;74;103;720;0.00224048
601;449;718;450;338;74;720;0.00224048
601;449;718;450;338;103;0.00224048
601;449;718;450;338;103;720;0.00224048
601;449;718;450;338;403;0.00224048
601;449;718;450;338;403;74;0.00224048
601;449;718;450;338;403;74;103;0.00224048
601;449;718;450;338;403;74;103;720;0.00224048
601;449;718;450;338;403;74;720;0.00224048
601;449;718;450;338;403;103;0.00224048
601;449;718;450;338;403;103;720;0.00224048
601;449;718;450;338;403;720;0.00224048
601;449;718;450;338;720;0.00224048
601;449;718;450;403;0.00224048
601;449;718;450;403;74;0.00224048
601;449;718;450;403;74;103;0.00224048
601;449;718;450;403;74;103;720;0.00224048
601;449;718;450;403;74;720;0.00224048
601;449;718;450;403;103;0.00224048
601;449;718;450;403;103;720;0.00224048
601;449;718;450;403;720;0.00224048
601;449;718;450;718;0.0029873
601;449;718;450;718;74;0.00224048
601;449;718;450;718;74;103;0.00224048
601;449;718;450;718;74;103;720;0.00224048
601;449;718;450;718;74;720;0.00224048
601;449;718;450;718;103;0.00224048
601;449;718;450;718;103;720;0.00224048
601;449;718;450;718;338;0.0029873
601;449;718;450;718;338;74;0.00224048
601;449;718;450;718;338;74;103;0.00224048
601;449;718;450;718;338;74;103;720;0.00224048
601;449;718;450;718;338;74;720;0.00224048
601;449;718;450;718;338;103;0.00224048
601;449;718;450;718;338;103;720;0.00224048
601;449;718;450;718;338;403;0.00224048
601;449;718;450;718;338;403;74;0.00224048
601;449;718;450;718;338;403;74;103;0.00224048
601;449;718;450;718;338;403;74;103;720;0.00224048
601;449;718;450;718;338;403;74;720;0.00224048
601;449;718;450;718;338;403;103;0.00224048
601;449;718;450;718;338;403;103;720;0.00224048
601;449;718;450;718;338;403;720;0.00224048
601;449;718;450;718;338;720;0.00224048
601;449;718;450;718;403;0.00224048
601;449;718;450;718;403;74;0.00224048
601;449;718;450;718;403;74;103;0.00224048
601;449;718;450;718;403;74;103;720;0.00224048
601;449;718;450;718;403;74;720;0.00224048
601;449;718;450;718;403;103;0.00224048
601;449;718;450;718;403;103;720;0.00224048
601;449;718;450;718;403;720;0.00224048
601;449;718;450;718;720;0.00224048
601;449;718;450;720;0.00224048
601;449;718;718;0.0029873
601;449;718;718;74;0.00224048
601;449;718;718;74;103;0.00224048
601;449;718;718;74;103;720;0.00224048
601;449;718;718;74;720;0.00224048
601;449;718;718;103;0.00224048
601;449;718;718;103;720;0.00224048
601;449;718;718;338;0.0029873
601;449;718;718;338;74;0.00224048
601;449;718;718;338;74;103;0.00224048
601;449;718;718;338;74;103;720;0.00224048
601;449;718;718;338;74;720;0.00224048
601;449;718;718;338;103;0.00224048
601;449;718;718;338;103;720;0.00224048
601;449;718;718;338;403;0.00224048
601;449;718;718;338;403;74;0.00224048
601;449;718;718;338;403;74;103;0.00224048
601;449;718;718;338;403;74;103;720;0.00224048
601;449;718;718;338;403;74;720;0.00224048
601;449;718;718;338;403;103;0.00224048
601;449;718;718;338;403;103;720;0.00224048
601;449;718;718;338;403;720;0.00224048
601;449;718;718;338;720;0.00224048
601;449;718;718;403;0.00224048
601;449;718;718;403;74;0.00224048
601;449;718;718;403;74;103;0.00224048
601;449;718;718;403;74;103;720;0.00224048
601;449;718;718;403;74;720;0.00224048
601;449;718;718;403;103;0.00224048
601;449;718;718;403;103;720;0.00224048
601;449;718;718;403;720;0.00224048
601;449;718;718;720;0.00224048
601;449;718;720;0.00224048
601;449;720;0.00224048
601;450;0.0156833
601;450;74;0.00597461
601;450;74;103;0.00448096
601;450;74;103;258;0.00224048
601;450;74;103;720;0.00224048
601;450;74;258;0.00224048
601;450;74;720;0.00224048
601;450;103;0.00448096
601;450;103;258;0.00224048
601;450;103;720;0.00224048
601;450;258;0.0029873
601;450;338;0.00970874
601;450;338;74;0.00597461
601;450;338;74;103;0.00448096
601;450;338;74;103;258;0.00224048
601;450;338;74;103;720;0.00224048
601;450;338;74;258;0.00224048
601;450;338;74;720;0.00224048
601;450;338;103;0.00448096
601;450;338;103;258;0.00224048
601;450;338;103;720;0.00224048
601;450;338;258;0.0029873
601;450;338;403;0.00896191
601;450;338;403;74;0.00597461
601;450;338;403;74;103;0.00448096
601;450;338;403;74;103;258;0.00224048
601;450;338;403;74;103;720;0.00224048
601;450;338;403;74;258;0.00224048
601;450;338;403;74;720;0.00224048
601;450;338;403;103;0.00448096
601;450;338;403;103;258;0.00224048
601;450;338;403;103;720;0.00224048
601;450;338;403;258;0.0029873
601;450;338;403;720;0.00224048
601;450;338;720;0.00224048
601;450;403;0.00896191
601;450;403;74;0.00597461
601;450;403;74;103;0.00448096
601;450;403;74;103;258;0.00224048
601;450;403;74;103;720;0.00224048
601;450;403;74;258;0.00224048
601;450;403;74;720;0.00224048
601;450;403;103;0.00448096
601;450;403;103;258;0.00224048
601;450;403;103;720;0.00224048
601;450;403;258;0.0029873
601;450;403;720;0.00224048
601;450;710;0.00746826
601;450;710;74;0.00373413
601;450;710;74;103;0.00224048
601;450;710;74;103;258;0.00224048
601;450;710;74;258;0.00224048
601;450;710;103;0.00224048
601;450;710;103;258;0.00224048
601;450;710;258;0.0029873
601;450;710;338;0.00522778
601;450;710;338;74;0.00373413
601;450;710;338;74;103;0.00224048
601;450;710;338;74;103;258;0.00224048
601;450;710;338;74;258;0.00224048
601;450;710;338;103;0.00224048
601;450;710;338;103;258;0.00224048
601;450;710;338;258;0.0029873
601;450;710;338;403;0.00522778
601;450;710;338;403;74;0.00373413
601;450;710;338;403;74;103;0.00224048
601;450;710;338;403;74;103;258;0.00224048
601;450;710;338;403;74;258;0.00224048
601;450;710;338;403;103;0.00224048
601;450;710;338;403;103;258;0.00224048
601;450;710;338;403;258;0.0029873
601;450;710;403;0.00522778
601;450;710;403;74;0.00373413
601;450;710;403;74;103;0.00224048
601;450;710;403;74;103;258;0.00224048
601;450;710;403;74;258;0.00224048
601;450;710;403;103;0.00224048
601;450;710;403;103;258;0.00224048
601;450;710;403;258;0.0029873
601;450;718;0.00821509
601;450;718;74;0.00224048
601;450;718;74;103;0.00224048
601;450;718;74;103;720;0.00224048
601;450;718;74;720;0.00224048
601;450;718;103;0.00224048
601;450;718;103;720;0.00224048
601;450;718;338;0.00448096
601;450;718;338;74;0.00224048
601;450;718;338;74;103;0.00224048
601;450;718;338;74;103;720;0.00224048
601;450;718;338;74;720;0.00224048
601;450;718;338;103;0.00224048
601;450;718;338;103;720;0.00224048
601;450;718;338;403;0.00373413
601;450;718;338;403;74;0.00224048
601;450;718;338;403;74;103;0.00224048
601;450;718;338;403;74;103;720;0.00224048
601;450;718;338;403;74;720;0.00224048
601;450;718;338;403;103;0.00224048
601;450;718;338;403;103;720;0.00224048
601;450;718;338;403;720;0.00224048
601;450;718;338;720;0.00224048
601;450;718;403;0.00373413
601;450;718;403;74;0.00224048
601;450;718;403;74;103;0.00224048
601;450;718;403;74;103;720;0.00224048
601;450;718;403;74;720;0.00224048
601;450;718;403;103;0.00224048
601;450;718;403;103;720;0.00224048
601;450;718;403;720;0.00224048
601;450;718;720;0.00224048
601;450;720;0.00224048
601;710;0.0104556
601;710;74;0.00373413
601;710;74;103;0.00224048
601;710;74;103;258;0.00224048
601;710;74;258;0.00224048
601;710;103;0.00224048
601;710;103;258;0.00224048
601;710;258;0.0029873
601;710;338;0.00522778
601;710;338;74;0.00373413
601;710;338;74;103;0.00224048
601;710;338;74;103;258;0.00224048
601;710;338;74;258;0.00224048
601;710;338;103;0.00224048
601;710;338;103;258;0.00224048
601;710;338;258;0.0029873
601;710;338;403;0.00522778
601;710;338;403;74;0.00373413
601;710;338;403;74;103;0.00224048
601;710;338;403;74;103;258;0.00224048
601;710;338;403;74;258;0.00224048
601;710;338;403;103;0.00224048
601;710;338;403;103;258;0.00224048
601;710;338;403;258;0.0029873
601;710;403;0.00522778
601;710;403;74;0.00373413
601;710;403;74;103;0.00224048
601;710;403;74;103;258;0.00224048
601;710;403;74;258;0.00224048
601;710;403;103;0.00224048
601;710;403;103;258;0.00224048
601;710;403;258;0.0029873
601;710;450;0.00672143
601;710;450;74;0.00373413
601;710;450;74;103;0.00224048
601;710;450;74;103;258;0.00224048
601;710;450;74;258;0.00224048
601;710;450;103;0.00224048
601;710;450;103;258;0.00224048
601;710;450;258;0.0029873
601;710;450;338;0.00448096
601;710;450;338;74;0.00373413
601;710;450;338;74;103;0.00224048
601;710;450;338;74;103;258;0.00224048
601;710;450;338;74;258;0.00224048
601;710;450;338;103;0.00224048
601;710;450;338;103;258;0.00224048
601;710;450;338;258;0.0029873
601;710;450;338;403;0.00448096
601;710;450;338;403;74;0.00373413
601;710;450;338;403;74;103;0.00224048
601;710;450;338;403;74;103;258;0.00224048
601;710;450;338;403;74;258;0.00224048
601;710;450;338;403;103;0.00224048
601;710;450;338;403;103;258;0.00224048
601;710;450;338;403;258;0.0029873
601;710;450;403;0.00448096
601;710;450;403;74;0.00373413
601;710;450;403;74;103;0.00224048
601;710;450;403;74;103;258;0.00224048
601;710;450;403;74;258;0.00224048
601;710;450;403;103;0.00224048
601;710;450;403;103;258;0.00224048
601;710;450;403;258;0.0029873
601;710;450;710;0.00672143
601;710;450;710;74;0.00373413
601;710;450;710;74;103;0.00224048
601;710;450;710;74;103;258;0.00224048
601;710;450;710;74;258;0.00224048
601;710;450;710;103;0.00224048
601;710;450;710;103;258;0.00224048
601;710;450;710;258;0.0029873
601;710;450;710;338;0.00448096
601;710;450;710;338;74;0.00373413
601;710;450;710;338;74;103;0.00224048
601;710;450;710;338;74;103;258;0.00224048
601;710;450;710;338;74;258;0.00224048
601;710;450;710;338;103;0.00224048
601;710;450;710;338;103;258;0.00224048
601;710;450;710;338;258;0.0029873
601;710;450;710;338;403;0.00448096
601;710;450;710;338;403;74;0.00373413
601;710;450;710;338;403;74;103;0.00224048
601;710;450;710;338;403;74;103;258;0.00224048
601;710;450;710;338;403;74;258;0.00224048
601;710;450;710;338;403;103;0.00224048
601;710;450;710;338;403;103;258;0.00224048
601;710;450;710;338;403;258;0.0029873
601;710;450;710;403;0.00448096
601;710;450;710;403;74;0.00373413
601;710;450;710;403;74;103;0.00224048
601;710;450;710;403;74;103;258;0.00224048
601;710;450;710;403;74;258;0.00224048
601;710;450;710;403;103;0.00224048
601;710;450;710;403;103;258;0.00224048
601;710;450;710;403;258;0.0029873
601;710;710;0.00821509
601;710;710;74;0.00373413
601;710;710;74;103;0.00224048
601;710;710;74;103;258;0.00224048
601;710;710;74;258;0.00224048
601;710;710;103;0.00224048
601;710;710;103;258;0.00224048
601;710;710;258;0.0029873
601;710;710;338;0.00448096
601;710;710;338;74;0.00373413
601;710;710;338;74;103;0.00224048
601;710;710;338;74;103;258;0.00224048
601;710;710;338;74;258;0.00224048
601;710;710;338;103;0.00224048
601;710;710;338;103;258;0.00224048
601;710;710;338;258;0.0029873
601;710;710;338;403;0.00448096
601;710;710;338;403;74;0.00373413
601;710;710;338;403;74;103;0.00224048
601;710;710;338;403;74;103;258;0.00224048
601;710;710;338;403;74;258;0.00224048
601;710;710;338;403;103;0.00224048
601;710;710;338;403;103;258;0.00224048
601;710;710;338;403;258;0.0029873
601;710;710;403;0.00448096
601;710;710;403;74;0.00373413
601;710;710;403;74;103;0.00224048
601;710;710;403;74;103;258;0.00224048
601;710;710;403;74;258;0.00224048
601;710;710;403;103;0.00224048
601;710;710;403;103;258;0.00224048
601;710;710;403;258;0.0029873
601;717;0.0104556
601;717;333;0.00373413
601;717;333;717;0.00373413
601;717;450;0.00224048
601;717;450;718;0.00224048
601;717;717;0.00522778
601;717;718;0.00224048
601;718;0.0104556
601;718;74;0.00224048
601;718;74;103;0.00224048
601;718;74;103;720;0.00224048
601;718;74;720;0.00224048
601;718;103;0.00224048
601;718;103;720;0.00224048
601;718;338;0.00448096
601;718;338;74;0.00224048
601;718;338;74;103;0.00224048
601;718;338;74;103;720;0.00224048
601;718;338;74;720;0.00224048
601;718;338;103;0.00224048
601;718;338;103;720;0.00224048
601;718;338;403;0.00373413
601;718;338;403;74;0.00224048
601;718;338;403;74;103;0.00224048
601;718;338;403;74;103;720;0.00224048
601;718;338;403;74;720;0.00224048
601;718;338;403;103;0.00224048
601;718;338;403;103;720;0.00224048
601;718;338;403;720;0.00224048
601;718;338;720;0.00224048
601;718;403;0.00373413
601;718;403;74;0.00224048
601;718;403;74;103;0.00224048
601;718;403;74;103;720;0.00224048
601;718;403;74;720;0.00224048
601;718;403;103;0.00224048
601;718;403;103;720;0.00224048
601;718;403;720;0.00224048
601;718;450;0.0029873
601;718;450;74;0.00224048
601;718;450;74;103;0.00224048
601;718;450;74;103;720;0.00224048
601;718;450;74;720;0.00224048
601;718;450;103;0.00224048
601;718;450;103;720;0.00224048
601;718;450;338;0.0029873
601;718;450;338;74;0.00224048
601;718;450;338;74;103;0.00224048
601;718;450;338;74;103;720;0.00224048
601;718;450;338;74;720;0.00224048
601;718;450;338;103;0.00224048
601;718;450;338;103;720;0.00224048
601;718;450;338;403;0.00224048
601;718;450;338;403;74;0.00224048
601;718;450;338;403;74;103;0.00224048
601;718;450;338;403;74;103;720;0.00224048
601;718;450;338;403;74;720;0.00224048
601;718;450;338;403;103;0.00224048
601;718;450;338;403;103;720;0.00224048
601;718;450;338;403;720;0.00224048
601;718;450;338;720;0.00224048
601;718;450;403;0.00224048
601;718;450;403;74;0.00224048
601;718;450;403;74;103;0.00224048
601;718;450;403;74;103;720;0.00224048
601;718;450;403;74;720;0.00224048
601;718;450;403;103;0.00224048
601;718;450;403;103;720;0.00224048
601;718;450;403;720;0.00224048
601;718;450;718;0.0029873
601;718;450;718;74;0.00224048
601;718;450;718;74;103;0.00224048
601;718;450;718;74;103;720;0.00224048
601;718;450;718;74;720;0.00224048
601;718;450;718;103;0.00224048
601;718;450;718;103;720;0.00224048
601;718;450;718;338;0.0029873
601;718;450;718;338;74;0.00224048
601;718;450;718;338;74;103;0.00224048
601;718;450;718;338;74;103;720;0.00224048
601;718;450;718;338;74;720;0.00224048
601;718;450;718;338;103;0.00224048
601;718;450;718;338;103;720;0.00224048
601;718;450;718;338;403;0.00224048
601;718;450;718;338;403;74;0.00224048
601;718;450;718;338;403;74;103;0.00224048
601;718;450;718;338;403;74;103;720;0.00224048
601;718;450;718;338;403;74;720;0.00224048
601;718;450;718;338;403;103;0.00224048
601;718;450;718;338;403;103;720;0.00224048
601;718;450;718;338;403;720;0.00224048
601;718;450;718;338;720;0.00224048
601;718;450;718;403;0.00224048
601;718;450;718;403;74;0.00224048
601;718;450;718;403;74;103;0.00224048
601;718;450;718;403;74;103;720;0.00224048
601;718;450;718;403;74;720;0.00224048
601;718;450;718;403;103;0.00224048
601;718;450;718;403;103;720;0.00224048
601;718;450;718;403;720;0.00224048
601;718;450;718;720;0.00224048
601;718;450;720;0.00224048
601;718;718;0.00373413
601;718;718;74;0.00224048
601;718;718;74;103;0.00224048
601;718;718;74;103;720;0.00224048
601;718;718;74;720;0.00224048
601;718;718;103;0.00224048
601;718;718;103;720;0.00224048
601;718;718;338;0.0029873
601;718;718;338;74;0.00224048
601;718;718;338;74;103;0.00224048
601;718;718;338;74;103;720;0.00224048
601;718;718;338;74;720;0.00224048
601;718;718;338;103;0.00224048
601;718;718;338;103;720;0.00224048
601;718;718;338;403;0.00224048
601;718;718;338;403;74;0.00224048
601;718;718;338;403;74;103;0.00224048
601;718;718;338;403;74;103;720;0.00224048
601;718;718;338;403;74;720;0.00224048
601;718;718;338;403;103;0.00224048
601;718;718;338;403;103;720;0.00224048
601;718;718;338;403;720;0.00224048
601;718;718;338;720;0.00224048
601;718;718;403;0.00224048
601;718;718;403;74;0.00224048
601;718;718;403;74;103;0.00224048
601;718;718;403;74;103;720;0.00224048
601;718;718;403;74;720;0.00224048
601;718;718;403;103;0.00224048
601;718;718;403;103;720;0.00224048
601;718;718;403;720;0.00224048
601;718;718;720;0.00224048
601;718;720;0.00224048
601;720;0.00224048
601;751;0.0029873
601;756;0.00373413
601;790;0.00522778
601;906;0.00224048
602;0.0029873
603;0.00821509
603;258;0.00448096
611;0.0029873
615;0.00373413
626;0.00224048
628;0.00224048
631;0.00522778
640;0.00224048
643;0.00373413
663;0.00224048
664;0.00224048
685;0.0029873
710;0.0634802
710;73;0.00224048
710;73;258;0.00224048
710;74;0.00373413
710;74;103;0.00224048
710;74;103;258;0.00224048
710;74;258;0.00224048
710;103;0.00224048
710;103;258;0.00224048
710;258;0.00672143
710;338;0.00746826
710;338;73;0.00224048
710;338;73;258;0.00224048
710;338;74;0.00373413
710;338;74;103;0.00224048
710;338;74;103;258;0.00224048
710;338;74;258;0.00224048
710;338;103;0.00224048
710;338;103;258;0.00224048
710;338;258;0.00522778
710;338;403;0.00746826
710;338;403;73;0.00224048
710;338;403;73;258;0.00224048
710;338;403;74;0.00373413
710;338;403;74;103;0.00224048
710;338;403;74;103;258;0.00224048
710;338;403;74;258;0.00224048
710;338;403;103;0.00224048
710;338;403;103;258;0.00224048
710;338;403;258;0.00522778
710;403;0.00746826
710;403;73;0.00224048
710;403;73;258;0.00224048
710;403;74;0.00373413
710;403;74;103;0.00224048
710;403;74;103;258;0.00224048
710;403;74;258;0.00224048
710;403;103;0.00224048
710;403;103;258;0.00224048
710;403;258;0.00522778
710;449;0.0029873
710;449;710;0.0029873
710;450;0.00896191
710;450;73;0.00224048
710;450;73;258;0.00224048
710;450;74;0.00373413
710;450;74;103;0.00224048
710;450;74;103;258;0.00224048
710;450;74;258;0.00224048
710;450;103;0.00224048
710;450;103;258;0.00224048
710;450;258;0.00448096
710;450;338;0.00597461
710;450;338;73;0.00224048
710;450;338;73;258;0.00224048
710;450;338;74;0.00373413
710;450;338;74;103;0.00224048
710;450;338;74;103;258;0.00224048
710;450;338;74;258;0.00224048
710;450;338;103;0.00224048
710;450;338;103;258;0.00224048
710;450;338;258;0.00448096
710;450;338;403;0.00597461
710;450;338;403;73;0.00224048
710;450;338;403;73;258;0.00224048
710;450;338;403;74;0.00373413
710;450;338;403;74;103;0.00224048
710;450;338;403;74;103;258;0.00224048
710;450;338;403;74;258;0.00224048
710;450;338;403;103;0.00224048
710;450;338;403;103;258;0.00224048
710;450;338;403;258;0.00448096
710;450;403;0.00597461
710;450;403;73;0.00224048
710;450;403;73;258;0.00224048
710;450;403;74;0.00373413
710;450;403;74;103;0.00224048
710;450;403;74;103;258;0.00224048
710;450;403;74;258;0.00224048
710;450;403;103;0.00224048
710;450;403;103;258;0.00224048
710;450;403;258;0.00448096
710;450;710;0.00896191
710;450;710;73;0.00224048
710;450;710;73;258;0.00224048
710;450;710;74;0.00373413
710;450;710;74;103;0.00224048
710;450;710;74;103;258;0.00224048
710;450;710;74;258;0.00224048
710;450;710;103;0.00224048
710;450;710;103;258;0.00224048
710;450;710;258;0.00448096
710;450;710;338;0.00597461
710;450;710;338;73;0.00224048
710;450;710;338;73;258;0.00224048
710;450;710;338;74;0.00373413
710;450;710;338;74;103;0.00224048
710;450;710;338;74;103;258;0.00224048
710;450;710;338;74;258;0.00224048
710;450;710;338;103;0.00224048
710;450;710;338;103;258;0.00224048
710;450;710;338;258;0.00448096
710;450;710;338;403;0.00597461
710;450;710;338;403;73;0.00224048
710;450;710;338;403;73;258;0.00224048
710;450;710;338;403;74;0.00373413
710;450;710;338;403;74;103;0.00224048
710;450;710;338;403;74;103;258;0.00224048
710;450;710;338;403;74;258;0.00224048
710;450;710;338;403;103;0.00224048
710;450;710;338;403;103;258;0.00224048
710;450;710;338;403;258;0.00448096
710;450;710;403;0.00597461
710;450;710;403;73;0.00224048
710;450;710;403;73;258;0.00224048
710;450;710;403;74;0.00373413
710;450;710;403;74;103;0.00224048
710;450;710;403;74;103;258;0.00224048
710;450;710;403;74;258;0.00224048
710;450;710;403;103;0.00224048
710;450;710;403;103;258;0.00224048
710;450;710;403;258;0.00448096
710;710;0.0164302
710;710;73;0.00224048
710;710;73;258;0.00224048
710;710;74;0.00373413
710;710;74;103;0.00224048
710;710;74;103;258;0.00224048
710;710;74;258;0.00224048
710;710;103;0.00224048
710;710;103;258;0.00224048
710;710;258;0.00522778
710;710;338;0.00597461
710;710;338;73;0.00224048
710;710;338;73;258;0.00224048
710;710;338;74;0.00373413
710;710;338;74;103;0.00224048
710;710;338;74;103;258;0.00224048
710;710;338;74;258;0.00224048
710;710;338;103;0.00224048
710;710;338;103;258;0.00224048
710;710;338;258;0.00448096
710;710;338;403;0.00597461
710;710;338;403;73;0.00224048
710;710;338;403;73;258;0.00224048
710;710;338;403;74;0.00373413
710;710;338;403;74;103;0.00224048
710;710;338;403;74;103;258;0.00224048
710;710;338;403;74;258;0.00224048
710;710;338;403;103;0.00224048
710;710;338;403;103;258;0.00224048
710;710;338;403;258;0.00448096
710;710;403;0.00597461
710;710;403;73;0.00224048
710;710;403;73;258;0.00224048
710;710;403;74;0.00373413
710;710;403;74;103;0.00224048
710;710;403;74;103;258;0.00224048
710;710;403;74;258;0.00224048
710;710;403;103;0.00224048
710;710;403;103;258;0.00224048
710;710;403;258;0.00448096
710;710;710;0.0029873
710;790;0.00224048
710;826;0.00224048
710;826;710;0.00224048
716;0.00373413
717;0.0380881
717;125;0.00522778
717;125;126;0.00448096
717;125;126;717;0.00448096
717;125;717;0.00522778
717;125;717;126;0.00448096
717;125;717;126;717;0.00448096
717;125;717;717;0.00522778
717;126;0.00448096
717;126;717;0.00448096
717;213;0.00224048
717;213;717;0.00224048
717;333;0.00373413
717;333;717;0.00373413
717;450;0.00224048
717;450;718;0.00224048
717;717;0.0164302
717;717;126;0.00448096
717;717;126;717;0.00448096
717;717;717;0.00597461
717;718;0.00448096
718;0.0283794
718;3;0.00224048
718;3;214;0.00224048
718;3;214;718;0.00224048
718;3;718;0.00224048
718;74;0.00224048
718;74;103;0.00224048
718;74;103;720;0.00224048
718;74;720;0.00224048
718;103;0.00224048
718;103;720;0.00224048
718;125;0.00373413
718;125;126;0.0029873
718;125;126;718;0.0029873
718;125;718;0.00373413
718;125;718;126;0.0029873
718;125;718;126;718;0.0029873
718;125;718;718;0.0029873
718;126;0.00448096
718;126;718;0.00448096
718;214;0.00224048
718;214;718;0.00224048
718;338;0.00448096
718;338;74;0.00224048
718;338;74;103;0.00224048
718;338;74;103;720;0.00224048
718;338;74;720;0.00224048
718;338;103;0.00224048
718;338;103;720;0.00224048
718;338;403;0.00373413
718;338;403;74;0.00224048
718;338;403;74;103;0.00224048
718;338;403;74;103;720;0.00224048
718;338;403;74;720;0.00224048
718;338;403;103;0.00224048
718;338;403;103;720;0.00224048
718;338;403;720;0.00224048
718;338;720;0.00224048
718;403;0.00373413
718;403;74;0.00224048
718;403;74;103;0.00224048
718;403;74;103;720;0.00224048
718;403;74;720;0.00224048
718;403;103;0.00224048
718;403;103;720;0.00224048
718;403;720;0.00224048
718;450;0.0029873
718;450;74;0.00224048
718;450;74;103;0.00224048
718;450;74;103;720;0.00224048
718;450;74;720;0.00224048
718;450;103;0.00224048
718;450;103;720;0.00224048
718;450;338;0.0029873
718;450;338;74;0.00224048
718;450;338;74;103;0.00224048
718;450;338;74;103;720;0.00224048
718;450;338;74;720;0.00224048
718;450;338;103;0.00224048
718;450;338;103;720;0.00224048
718;450;338;403;0.00224048
718;450;338;403;74;0.00224048
718;450;338;403;74;103;0.00224048
718;450;338;403;74;103;720;0.00224048
718;450;338;403;74;720;0.00224048
718;450;338;403;103;0.00224048
718;450;338;403;103;720;0.00224048
718;450;338;403;720;0.00224048
718;450;338;720;0.00224048
718;450;403;0.00224048
718;450;403;74;0.00224048
718;450;403;74;103;0.00224048
718;450;403;74;103;720;0.00224048
718;450;403;74;720;0.00224048
718;450;403;103;0.00224048
718;450;403;103;720;0.00224048
718;450;403;720;0.00224048
718;450;718;0.0029873
718;450;718;74;0.00224048
718;450;718;74;103;0.00224048
718;450;718;74;103;720;0.00224048
718;450;718;74;720;0.00224048
718;450;718;103;0.00224048
718;450;718;103;720;0.00224048
718;450;718;338;0.0029873
718;450;718;338;74;0.00224048
718;450;718;338;74;103;0.00224048
718;450;718;338;74;103;720;0.00224048
718;450;718;338;74;720;0.00224048
718;450;718;338;103;0.00224048
718;450;718;338;103;720;0.00224048
718;450;718;338;403;0.00224048
718;450;718;338;403;74;0.00224048
718;450;718;338;403;74;103;0.00224048
718;450;718;338;403;74;103;720;0.00224048
718;450;718;338;403;74;720;0.00224048
718;450;718;338;403;103;0.00224048
718;450;718;338;403;103;720;0.00224048
718;450;718;338;403;720;0.00224048
718;450;718;338;720;0.00224048
718;450;718;403;0.00224048
718;450;718;403;74;0.00224048
718;450;718;403;74;103;0.00224048
718;450;718;403;74;103;720;0.00224048
718;450;718;403;74;720;0.00224048
718;450;718;403;103;0.00224048
718;450;718;403;103;720;0.00224048
718;450;718;403;720;0.00224048
718;450;718;720;0.00224048
718;450;720;0.00224048
718;718;0.012696
718;718;74;0.00224048
718;718;74;103;0.00224048
718;718;74;103;720;0.00224048
718;718;74;720;0.00224048
718;718;103;0.00224048
718;718;103;720;0.00224048
718;718;126;0.0029873
718;718;126;718;0.0029873
718;718;338;0.0029873
718;718;338;74;0.00224048
718;718;338;74;103;0.00224048
718;718;338;74;103;720;0.00224048
718;718;338;74;720;0.00224048
718;718;338;103;0.00224048
718;718;338;103;720;0.00224048
718;718;338;403;0.00224048
718;718;338;403;74;0.00224048
718;718;338;403;74;103;0.00224048
718;718;338;403;74;103;720;0.00224048
718;718;338;403;74;720;0.00224048
718;718;338;403;103;0.00224048
718;718;338;403;103;720;0.00224048
718;718;338;403;720;0.00224048
718;718;338;720;0.00224048
718;718;403;0.00224048
718;718;403;74;0.00224048
718;718;403;74;103;0.00224048
718;718;403;74;103;720;0.00224048
718;718;403;74;720;0.00224048
718;718;403;103;0.00224048
718;718;403;103;720;0.00224048
718;718;403;720;0.00224048
718;718;718;0.00373413
718;718;720;0.00224048
718;720;0.0029873
718;756;0.00224048
720;0.0186707
720;717;0.00224048
720;720;0.00224048
723;0.00224048
727;0.0246453
727;18;0.0029873
727;258;0.00746826
727;717;0.00224048
727;720;0.00746826
727;733;0.0029873
727;735;0.0029873
727;747;0.00448096
727;750;0.0029873
727;790;0.00224048
728;0.0029873
730;0.00597461
730;21;0.00224048
730;737;0.00224048
730;737;737;0.00224048
733;0.00373413
735;0.00448096
737;0.00522778
737;730;0.0029873
737;737;0.00224048
738;0.00448096
738;710;0.00224048
738;738;0.00373413
738;738;710;0.00224048
739;0.00224048
740;0.00224048
741;0.0029873
747;0.00672143
747;258;0.00224048
747;720;0.00224048
750;0.00597461
750;258;0.00224048
750;720;0.00224048
751;0.00597461
752;0.00448096
752;717;0.00224048
752;738;0.0029873
752;738;738;0.0029873
752;790;0.00224048
753;0.00224048
753;753;0.00224048
754;0.0029873
756;0.0336072
756;760;0.00224048
760;0.0276326
760;717;0.00224048
760;761;0.0029873
760;761;717;0.00224048
761;0.0029873
761;717;0.00224048
762;0.00373413
762;762;0.00224048
762;762;762;0.00224048
763;0.0029873
763;3;0.0029873
763;3;125;0.0029873
763;3;125;126;0.0029873
763;3;125;126;718;0.0029873
763;3;125;718;0.0029873
763;3;125;718;126;0.0029873
763;3;125;718;126;718;0.0029873
763;3;125;718;718;0.0029873
763;3;126;0.0029873
763;3;126;718;0.0029873
763;3;214;0.0029873
763;3;214;125;0.0029873
763;3;214;125;126;0.0029873
763;3;214;125;126;718;0.0029873
763;3;214;125;718;0.0029873
763;3;214;125;718;126;0.0029873
763;3;214;125;718;126;718;0.0029873
763;3;214;125;718;718;0.0029873
763;3;214;126;0.0029873
763;3;214;126;718;0.0029873
763;3;214;718;0.0029873
763;3;214;718;125;0.0029873
763;3;214;718;125;126;0.0029873
763;3;214;718;125;126;718;0.0029873
763;3;214;718;125;718;0.0029873
763;3;214;718;125;718;126;0.0029873
763;3;214;718;125;718;126;718;0.0029873
763;3;214;718;125;718;718;0.0029873
763;3;214;718;126;0.0029873
763;3;214;718;126;718;0.0029873
763;3;214;718;718;0.0029873
763;3;214;718;718;126;0.0029873
763;3;214;718;718;126;718;0.0029873
763;3;214;718;718;718;0.0029873
763;3;718;0.0029873
763;3;718;125;0.0029873
763;3;718;125;126;0.0029873
763;3;718;125;126;718;0.0029873
763;3;718;125;718;0.0029873
763;3;718;125;718;126;0.0029873
763;3;718;125;718;126;718;0.0029873
763;3;718;125;718;718;0.0029873
763;3;718;126;0.0029873
763;3;718;126;718;0.0029873
763;3;718;718;0.0029873
763;3;718;718;126;0.0029873
763;3;718;718;126;718;0.0029873
763;3;718;718;718;0.0029873
763;125;0.0029873
763;125;126;0.0029873
763;125;126;718;0.0029873
763;125;718;0.0029873
763;125;718;126;0.0029873
763;125;718;126;718;0.0029873
763;125;718;718;0.0029873
763;126;0.0029873
763;126;718;0.0029873
763;214;0.0029873
763;214;125;0.0029873
763;214;125;126;0.0029873
763;214;125;126;718;0.0029873
763;214;125;718;0.0029873
763;214;125;718;126;0.0029873
763;214;125;718;126;718;0.0029873
763;214;125;718;718;0.0029873
763;214;126;0.0029873
763;214;126;718;0.0029873
763;214;718;0.0029873
763;214;718;125;0.0029873
763;214;718;125;126;0.0029873
763;214;718;125;126;718;0.0029873
763;214;718;125;718;0.0029873
763;214;718;125;718;126;0.0029873
763;214;718;125;718;126;718;0.0029873
763;214;718;125;718;718;0.0029873
763;214;718;126;0.0029873
763;214;718;126;718;0.0029873
763;214;718;718;0.0029873
763;214;718;718;126;0.0029873
763;214;718;718;126;718;0.0029873
763;214;718;718;718;0.0029873
763;718;0.0029873
763;718;125;0.0029873
763;718;125;126;0.0029873
763;718;125;126;718;0.0029873
763;718;125;718;0.0029873
763;718;125;718;126;0.0029873
763;718;125;718;126;718;0.0029873
763;718;125;718;718;0.0029873
763;718;126;0.0029873
763;718;126;718;0.0029873
763;718;718;0.0029873
763;718;718;126;0.0029873
763;718;718;126;718;0.0029873
763;718;718;718;0.0029873
764;0.00224048
764;214;0.00224048
764;214;718;0.00224048
764;718;0.00224048
766;0.00448096
766;717;0.00224048
769;0.00373413
769;125;0.0029873
769;125;126;0.00224048
769;125;126;717;0.00224048
769;125;717;0.00224048
769;125;717;126;0.00224048
769;125;717;126;717;0.00224048
769;125;717;717;0.00224048
769;126;0.00224048
769;126;717;0.00224048
769;214;0.00224048
769;214;125;0.00224048
769;214;125;126;0.00224048
769;214;125;126;717;0.00224048
769;214;125;717;0.00224048
769;214;125;717;126;0.00224048
769;214;125;717;126;717;0.00224048
769;214;125;717;717;0.00224048
769;214;126;0.00224048
769;214;126;717;0.00224048
769;214;717;0.00224048
769;214;717;125;0.00224048
769;214;717;125;126;0.00224048
769;214;717;125;126;717;0.00224048
769;214;717;125;717;0.00224048
769;214;717;125;717;126;0.00224048
769;214;717;125;717;126;717;0.00224048
769;214;717;125;717;717;0.00224048
769;214;717;126;0.00224048
769;214;717;126;717;0.00224048
769;214;717;717;0.00224048
769;214;717;717;126;0.00224048
769;214;717;717;126;717;0.00224048
769;214;717;717;717;0.00224048
769;717;0.0029873
769;717;125;0.00224048
769;717;125;126;0.00224048
769;717;125;126;717;0.00224048
769;717;125;717;0.00224048
769;717;125;717;126;0.00224048
769;717;125;717;126;717;0.00224048
769;717;125;717;717;0.00224048
769;717;126;0.00224048
769;717;126;717;0.00224048
769;717;717;0.00224048
769;717;717;126;0.00224048
769;717;717;126;717;0.00224048
769;717;717;717;0.00224048
770;0.00224048
771;0.0104556
771;760;0.00597461
780;0.00373413
780;71;0.00224048
780;71;216;0.00224048
780;71;216;756;0.00224048
780;71;756;0.00224048
780;216;0.0029873
780;216;756;0.0029873
780;756;0.0029873
781;0.00373413
781;14;0.00373413
781;14;756;0.00373413
781;71;0.0029873
781;71;14;0.0029873
781;71;14;756;0.0029873
781;71;216;0.0029873
781;71;216;14;0.0029873
781;71;216;14;756;0.0029873
781;71;216;756;0.0029873
781;71;756;0.0029873
781;216;0.00373413
781;216;14;0.00373413
781;216;14;756;0.00373413
781;216;756;0.00373413
781;756;0.00373413
782;0.00224048
788;0.00224048
790;0.0306199
790;149;0.00224048
790;149;790;0.00224048
790;258;0.00224048
790;710;0.0029873
790;790;0.00597461
791;0.00597461
792;0.00373413
794;0.0201643
794;450;0.0029873
794;450;794;0.0029873
794;450;794;795;0.0029873
794;450;795;0.0029873
794;794;0.00373413
794;794;795;0.00373413
794;795;0.0149365
794;795;450;0.0029873
794;795;450;794;0.0029873
794;795;450;794;795;0.0029873
794;795;450;795;0.0029873
794;795;794;0.0029873
794;795;794;795;0.0029873
794;795;795;0.0029873
794;825;0.0029873
795;0.017177
795;450;0.0029873
795;450;794;0.0029873
795;450;794;795;0.0029873
795;450;795;0.0029873
795;794;0.0029873
795;794;795;0.0029873
795;795;0.0029873
796;0.00970874
796;797;0.00821509
797;0.021658
797;797;0.00224048
798;0.00224048
799;0.00522778
799;800;0.00522778
800;0.00522778
801;0.00597461
802;0.00970874
802;795;0.00224048
803;0.00448096
803;797;0.00448096
803;803;0.00224048
803;803;797;0.00224048
806;0.0253921
806;80;0.00746826
806;80;258;0.00746826
806;258;0.00821509
814;0.00224048
815;0.0029873
821;0.00373413
821;59;0.0029873
825;0.00448096
826;0.00522778
826;710;0.00373413
827;0.00224048
833;0.0141897
833;801;0.00373413
833;834;0.00672143
833;834;835;0.00672143
833;835;0.00821509
833;900;0.00373413
833;900;801;0.00373413
834;0.00672143
834;835;0.00672143
835;0.00821509
839;0.00522778
839;119;0.00224048
839;119;710;0.00224048
839;258;0.00448096
839;403;0.00448096
839;403;258;0.00448096
839;558;0.00522778
839;558;119;0.00224048
839;558;119;710;0.00224048
839;558;258;0.00448096
839;558;403;0.00373413
839;558;403;258;0.00373413
839;558;710;0.00224048
839;710;0.00224048
840;0.00224048
842;0.00746826
858;0.0029873
858;592;0.00224048
858;592;797;0.00224048
858;797;0.0029873
859;0.00224048
876;0.0029873
887;0.00224048
899;0.00224048
900;0.00373413
900;801;0.00373413
906;0.00597461
906;258;0.00373413
907;0.00373413
907;403;0.00224048
908;0.00373413
908;710;0.00224048
920;0.0029873
921;0.0029873
921;258;0.00224048
921;603;0.0029873
921;603;258;0.00224048
921;922;0.0029873
921;922;258;0.00224048
921;922;603;0.0029873
921;922;603;258;0.00224048
922;0.00522778
922;258;0.00448096
922;603;0.00522778
922;603;258;0.00448096
923;0.00224048
923;258;0.00224048
923;603;0.00224048
923;603;258;0.00224048
923;922;0.00224048
923;922;258;0.00224048
923;922;603;0.00224048
923;922;603;258;0.00224048
924;0.00522778
930;0.00224048
933;0.00224048
941;0.00224048
941;258;0.00224048
