2;0.0166052
2;133;0.00430504
2;133;134;0.00369004
2;133;134;824;0.00246002
2;133;823;0.00184502
2;133;823;823;0.00184502
2;133;824;0.00246002
2;133;824;134;0.00246002
2;133;824;134;824;0.00246002
2;133;824;824;0.00246002
2;134;0.00492005
2;134;823;0.00184502
2;134;824;0.00369004
2;210;0.00246002
2;210;823;0.00184502
2;222;0.00184502
2;222;226;0.00184502
2;226;0.00184502
2;233;0.00738007
2;233;133;0.00430504
2;233;133;134;0.00369004
2;233;133;134;824;0.00246002
2;233;133;823;0.00184502
2;233;133;823;823;0.00184502
2;233;133;824;0.00246002
2;233;133;824;134;0.00246002
2;233;133;824;134;824;0.00246002
2;233;133;824;824;0.00246002
2;233;134;0.00369004
2;233;134;824;0.00246002
2;233;823;0.00246002
2;233;823;133;0.00184502
2;233;823;133;823;0.00184502
2;233;823;133;823;823;0.00184502
2;233;823;823;0.00184502
2;233;823;823;823;0.00184502
2;233;824;0.00492005
2;233;824;133;0.00246002
2;233;824;133;134;0.00246002
2;233;824;133;134;824;0.00246002
2;233;824;133;824;0.00246002
2;233;824;133;824;134;0.00246002
2;233;824;133;824;134;824;0.00246002
2;233;824;133;824;824;0.00246002
2;233;824;134;0.00246002
2;233;824;134;824;0.00246002
2;233;824;824;0.00246002
2;233;824;824;134;0.00246002
2;233;824;824;134;824;0.00246002
2;233;824;824;824;0.00246002
2;823;0.00430504
2;823;133;0.00184502
2;823;133;823;0.00184502
2;823;133;823;823;0.00184502
2;823;823;0.00184502
2;823;823;823;0.00184502
2;824;0.00615006
2;824;133;0.00246002
2;824;133;134;0.00246002
2;824;133;134;824;0.00246002
2;824;133;824;0.00246002
2;824;133;824;134;0.00246002
2;824;133;824;134;824;0.00246002
2;824;133;824;824;0.00246002
2;824;134;0.00246002
2;824;134;824;0.00246002
2;824;824;0.00246002
2;824;824;134;0.00246002
2;824;824;134;824;0.00246002
2;824;824;824;0.00246002
2;862;0.00184502
5;0.00246002
5;604;0.00184502
9;0.00184502
11;0.00184502
13;0.00369004
13;2;0.00184502
13;2;233;0.00184502
13;2;233;824;0.00184502
13;2;824;0.00184502
13;233;0.00184502
13;233;824;0.00184502
13;824;0.00184502
13;824;2;0.00184502
13;824;2;233;0.00184502
13;824;2;233;824;0.00184502
13;824;2;824;0.00184502
13;824;233;0.00184502
13;824;233;824;0.00184502
13;824;824;0.00184502
14;0.0239852
14;14;0.00307503
14;360;0.00307503
14;632;0.00246002
14;632;913;0.00246002
14;661;0.00184502
14;661;913;0.00184502
14;862;0.00430504
14;913;0.00615006
16;0.00738007
18;0.0202952
18;18;0.00246002
18;18;18;0.00184502
18;32;0.00184502
18;156;0.00184502
18;366;0.00184502
18;366;426;0.00184502
18;366;426;462;0.00184502
18;366;462;0.00184502
18;408;0.00738007
18;408;366;0.00184502
18;408;366;426;0.00184502
18;408;366;426;462;0.00184502
18;408;366;462;0.00184502
18;408;426;0.00184502
18;408;426;462;0.00184502
18;408;462;0.00246002
18;426;0.00184502
18;426;462;0.00184502
18;462;0.00369004
18;862;0.00246002
19;0.00246002
20;0.00184502
21;0.00430504
24;0.00553506
24;586;0.00184502
25;0.00246002
26;0.00861009
27;0.00307503
27;137;0.00184502
27;139;0.00184502
27;139;137;0.00184502
28;0.00184502
30;0.0123001
30;14;0.00246002
30;14;862;0.00246002
30;30;0.00492005
30;30;30;0.00246002
30;200;0.00307503
30;200;14;0.00246002
30;200;14;862;0.00246002
30;200;862;0.00307503
30;862;0.00307503
31;0.00184502
31;18;0.00184502
31;32;0.00184502
31;32;18;0.00184502
32;0.00430504
32;18;0.00184502
32;375;0.00184502
33;0.00615006
34;0.00246002
36;0.00246002
38;0.00184502
40;0.00184502
46;0.00246002
46;46;0.00184502
46;604;0.00184502
47;0.00676507
47;47;0.00246002
47;54;0.00184502
47;56;0.00184502
47;375;0.00246002
48;0.00492005
48;48;0.00184502
48;901;0.00246002
53;0.00430504
53;18;0.00184502
53;32;0.00307503
53;95;0.00184502
53;176;0.00307503
53;176;18;0.00184502
53;176;32;0.00184502
54;0.00553506
54;47;0.00184502
55;0.00676507
56;0.00307503
57;0.00922509
57;57;0.00307503
57;57;57;0.00184502
58;0.0123001
58;862;0.0110701
59;0.00246002
61;0.00184502
62;0.00430504
63;0.0141451
63;63;0.00184502
79;0.00246002
86;0.00799508
86;86;0.00369004
86;86;86;0.00246002
86;86;147;0.00246002
86;86;148;0.00246002
86;86;148;148;0.00246002
86;144;0.00369004
86;147;0.00246002
86;148;0.00246002
86;148;148;0.00246002
88;0.00246002
88;824;0.00184502
88;824;824;0.00184502
93;0.0190652
93;18;0.00492005
93;93;0.00184502
93;462;0.00246002
93;490;0.00246002
93;574;0.00184502
93;826;0.00184502
94;0.00553506
94;53;0.00184502
94;53;95;0.00184502
94;95;0.00184502
95;0.00615006
95;24;0.00369004
97;0.00184502
100;0.0166052
100;101;0.00307503
100;101;799;0.00246002
100;106;0.00492005
100;106;110;0.00184502
100;106;156;0.00184502
100;106;156;462;0.00184502
100;106;462;0.00184502
100;110;0.00184502
100;114;0.00184502
100;156;0.00184502
100;156;462;0.00184502
100;340;0.00369004
100;462;0.00184502
100;799;0.00492005
101;0.00738007
101;799;0.00615006
103;0.00246002
106;0.00738007
106;110;0.00184502
106;156;0.00184502
106;156;462;0.00184502
106;462;0.00184502
110;0.0104551
110;882;0.00184502
112;0.00369004
113;0.00430504
114;0.00430504
115;0.00184502
117;0.00246002
121;0.00369004
122;0.00369004
124;0.0252153
124;124;0.00307503
124;426;0.00246002
124;799;0.00553506
124;905;0.00369004
124;905;906;0.00369004
124;906;0.00369004
126;0.00246002
127;0.00307503
128;0.00246002
131;0.00184502
133;0.0104551
133;134;0.00799508
133;134;823;0.00369004
133;134;824;0.00307503
133;823;0.00430504
133;823;134;0.00369004
133;823;134;823;0.00369004
133;823;823;0.00430504
133;824;0.00430504
133;824;134;0.00307503
133;824;134;824;0.00307503
133;824;824;0.00307503
134;0.0116851
134;823;0.00430504
134;824;0.00492005
135;0.0233702
135;462;0.0135301
136;0.00615006
136;136;0.00184502
136;136;137;0.00184502
136;137;0.00369004
137;0.00553506
138;0.00307503
139;0.00184502
139;137;0.00184502
144;0.00553506
147;0.00246002
148;0.00246002
148;148;0.00246002
155;0.00369004
155;110;0.00307503
156;0.0104551
156;156;0.00307503
156;156;1048;0.00246002
156;462;0.00184502
156;1048;0.00246002
157;0.00369004
159;0.00553506
159;462;0.00307503
160;0.00861009
160;93;0.00430504
160;93;462;0.00246002
160;93;826;0.00184502
160;135;0.00184502
160;462;0.00246002
160;826;0.00184502
167;0.00246002
175;0.00799508
175;175;0.00184502
175;632;0.00184502
175;632;913;0.00184502
175;913;0.00307503
176;0.00430504
176;18;0.00184502
176;32;0.00184502
176;375;0.00184502
177;0.00184502
177;178;0.00184502
178;0.00184502
181;0.0147601
181;14;0.00246002
181;30;0.00184502
181;30;200;0.00184502
181;30;200;862;0.00184502
181;30;862;0.00184502
181;181;0.00184502
181;200;0.00246002
181;200;862;0.00246002
181;862;0.00246002
181;889;0.00246002
181;889;30;0.00184502
181;889;30;200;0.00184502
181;889;30;200;862;0.00184502
181;889;30;862;0.00184502
181;889;200;0.00246002
181;889;200;862;0.00246002
181;889;862;0.00246002
184;0.00246002
185;0.00184502
186;0.00246002
192;0.00184502
197;0.00184502
198;0.00246002
198;181;0.00184502
199;0.00615006
200;0.00492005
200;14;0.00307503
200;14;862;0.00307503
200;862;0.00430504
201;0.00246002
203;0.00307503
204;0.00369004
204;204;0.00246002
208;0.00184502
210;0.00676507
210;823;0.00492005
211;0.00246002
214;0.00184502
219;0.0104551
219;30;0.00184502
219;30;200;0.00184502
219;30;200;862;0.00184502
219;30;862;0.00184502
219;181;0.00738007
219;181;30;0.00184502
219;181;30;200;0.00184502
219;181;30;200;862;0.00184502
219;181;30;862;0.00184502
219;181;200;0.00246002
219;181;200;862;0.00246002
219;181;862;0.00246002
219;181;889;0.00246002
219;181;889;30;0.00184502
219;181;889;30;200;0.00184502
219;181;889;30;200;862;0.00184502
219;181;889;30;862;0.00184502
219;181;889;200;0.00246002
219;181;889;200;862;0.00246002
219;181;889;862;0.00246002
219;200;0.00246002
219;200;862;0.00246002
219;219;0.00246002
219;219;181;0.00184502
219;220;0.00246002
219;220;181;0.00184502
219;220;219;0.00184502
219;220;219;181;0.00184502
219;231;0.00369004
219;862;0.00246002
219;889;0.00246002
219;889;30;0.00184502
219;889;30;200;0.00184502
219;889;30;200;862;0.00184502
219;889;30;862;0.00184502
219;889;200;0.00246002
219;889;200;862;0.00246002
219;889;862;0.00246002
220;0.00430504
220;181;0.00307503
220;219;0.00184502
220;219;181;0.00184502
222;0.00307503
222;226;0.00246002
226;0.00307503
231;0.00492005
231;220;0.00184502
233;0.0135301
233;133;0.00799508
233;133;134;0.00676507
233;133;134;823;0.00369004
233;133;134;824;0.00246002
233;133;823;0.00430504
233;133;823;134;0.00369004
233;133;823;134;823;0.00369004
233;133;823;823;0.00430504
233;133;824;0.00307503
233;133;824;134;0.00246002
233;133;824;134;824;0.00246002
233;133;824;824;0.00246002
233;134;0.00738007
233;134;823;0.00369004
233;134;824;0.00307503
233;210;0.00184502
233;210;823;0.00184502
233;823;0.00492005
233;823;133;0.00430504
233;823;133;134;0.00369004
233;823;133;134;823;0.00369004
233;823;133;823;0.00430504
233;823;133;823;134;0.00369004
233;823;133;823;134;823;0.00369004
233;823;133;823;823;0.00430504
233;823;134;0.00369004
233;823;134;823;0.00369004
233;823;823;0.00430504
233;823;823;134;0.00369004
233;823;823;134;823;0.00369004
233;823;823;823;0.00430504
233;824;0.00738007
233;824;133;0.00307503
233;824;133;134;0.00246002
233;824;133;134;824;0.00246002
233;824;133;824;0.00307503
233;824;133;824;134;0.00246002
233;824;133;824;134;824;0.00246002
233;824;133;824;824;0.00246002
233;824;134;0.00307503
233;824;134;824;0.00307503
233;824;824;0.00307503
233;824;824;134;0.00246002
233;824;824;134;824;0.00246002
233;824;824;824;0.00307503
236;0.00184502
237;0.00184502
238;0.00246002
240;0.00799508
240;240;0.00184502
240;240;906;0.00184502
240;240;915;0.00184502
240;240;915;906;0.00184502
240;279;0.00184502
240;906;0.00184502
240;915;0.00184502
240;915;906;0.00184502
242;0.00184502
251;0.00922509
252;0.00369004
256;0.00369004
256;135;0.00184502
256;135;462;0.00184502
256;462;0.00246002
256;908;0.00184502
256;908;462;0.00184502
257;0.00369004
258;0.00676507
258;135;0.00369004
258;135;462;0.00369004
258;462;0.00369004
264;0.00246002
267;0.00246002
277;0.00615006
277;135;0.00184502
277;135;462;0.00184502
277;462;0.00184502
279;0.0135301
279;279;0.00307503
279;280;0.00307503
279;281;0.00184502
280;0.00369004
281;0.00184502
284;0.00246002
286;0.00492005
288;0.00184502
293;0.00922509
298;0.00246002
299;0.00307503
304;0.00246002
306;0.00307503
311;0.00615006
311;313;0.00184502
311;902;0.00246002
313;0.00492005
319;0.00369004
321;0.00184502
332;0.00246002
334;0.0252153
334;100;0.0104551
334;100;101;0.00246002
334;100;101;799;0.00184502
334;100;106;0.00369004
334;100;106;110;0.00184502
334;100;106;156;0.00184502
334;100;106;156;462;0.00184502
334;100;106;462;0.00184502
334;100;110;0.00184502
334;100;156;0.00184502
334;100;156;462;0.00184502
334;100;462;0.00184502
334;100;799;0.00307503
334;101;0.00246002
334;101;799;0.00184502
334;106;0.00369004
334;106;110;0.00184502
334;106;156;0.00184502
334;106;156;462;0.00184502
334;106;462;0.00184502
334;110;0.00184502
334;124;0.00246002
334;124;799;0.00246002
334;156;0.00184502
334;156;462;0.00184502
334;335;0.00307503
334;362;0.00676507
334;362;462;0.00369004
334;362;485;0.00246002
334;362;485;799;0.00246002
334;362;799;0.00246002
334;366;0.00184502
334;426;0.00369004
334;426;462;0.00246002
334;462;0.00799508
334;485;0.00369004
334;485;799;0.00369004
334;574;0.00492005
334;574;124;0.00184502
334;574;124;799;0.00184502
334;574;426;0.00184502
334;574;426;462;0.00184502
334;574;462;0.00246002
334;574;799;0.00369004
334;679;0.00369004
334;679;362;0.00246002
334;679;362;485;0.00246002
334;679;362;485;799;0.00246002
334;679;362;799;0.00246002
334;679;485;0.00246002
334;679;485;799;0.00246002
334;679;799;0.00246002
334;799;0.00922509
334;957;0.00307503
334;957;124;0.00184502
334;957;124;799;0.00184502
334;957;426;0.00246002
334;957;426;462;0.00246002
334;957;462;0.00246002
334;957;574;0.00307503
334;957;574;124;0.00184502
334;957;574;124;799;0.00184502
334;957;574;426;0.00184502
334;957;574;426;462;0.00184502
334;957;574;462;0.00246002
334;957;574;799;0.00184502
334;957;799;0.00184502
334;1049;0.00246002
334;1049;362;0.00246002
334;1049;362;462;0.00184502
334;1049;462;0.00184502
334;1049;1050;0.00246002
334;1049;1050;362;0.00246002
334;1049;1050;362;462;0.00184502
334;1049;1050;462;0.00184502
334;1050;0.00430504
334;1050;362;0.00430504
334;1050;362;462;0.00369004
334;1050;462;0.00369004
334;1051;0.00184502
334;1051;362;0.00184502
334;1051;362;462;0.00184502
334;1051;462;0.00184502
334;1051;1050;0.00184502
334;1051;1050;362;0.00184502
334;1051;1050;362;462;0.00184502
334;1051;1050;462;0.00184502
334;1059;0.00184502
335;0.00553506
335;426;0.00369004
335;426;462;0.00369004
335;462;0.00369004
335;574;0.00369004
335;574;426;0.00307503
335;574;426;462;0.00307503
335;574;462;0.00369004
335;799;0.00184502
335;957;0.00369004
335;957;426;0.00369004
335;957;426;462;0.00369004
335;957;462;0.00369004
335;957;574;0.00369004
335;957;574;426;0.00307503
335;957;574;426;462;0.00307503
335;957;574;462;0.00369004
336;0.00184502
338;0.00738007
338;366;0.00184502
338;697;0.00553506
338;697;799;0.00246002
338;799;0.00307503
339;0.00246002
339;100;0.00184502
339;100;340;0.00184502
339;340;0.00184502
340;0.00492005
340;366;0.00184502
340;366;426;0.00184502
340;426;0.00184502
343;0.00184502
349;0.00738007
349;63;0.00184502
349;349;0.00184502
349;393;0.00246002
350;0.00492005
350;100;0.00307503
350;100;799;0.00184502
350;799;0.00369004
353;0.00184502
354;0.00615006
354;112;0.00246002
356;0.00184502
357;0.00184502
358;0.00553506
358;952;0.00246002
359;0.00184502
360;0.0123001
360;360;0.00430504
360;360;823;0.00307503
360;823;0.00430504
360;823;360;0.00307503
360;823;360;823;0.00307503
360;823;823;0.00307503
360;901;0.00369004
362;0.00922509
362;462;0.00369004
362;485;0.00246002
362;485;799;0.00246002
362;486;0.00184502
362;486;799;0.00184502
362;799;0.00307503
365;0.00184502
366;0.0209102
366;93;0.00430504
366;93;462;0.00246002
366;93;826;0.00184502
366;124;0.00184502
366;159;0.00369004
366;159;462;0.00307503
366;160;0.00615006
366;160;93;0.00430504
366;160;93;462;0.00246002
366;160;93;826;0.00184502
366;160;462;0.00246002
366;160;826;0.00184502
366;360;0.00184502
366;360;901;0.00184502
366;426;0.0159902
366;426;93;0.00430504
366;426;93;462;0.00246002
366;426;93;826;0.00184502
366;426;159;0.00369004
366;426;159;462;0.00307503
366;426;160;0.00615006
366;426;160;93;0.00430504
366;426;160;93;462;0.00246002
366;426;160;93;826;0.00184502
366;426;160;462;0.00246002
366;426;160;826;0.00184502
366;426;360;0.00184502
366;426;360;901;0.00184502
366;426;462;0.00861009
366;426;661;0.00246002
366;426;661;913;0.00246002
366;426;826;0.00184502
366;426;901;0.00184502
366;426;913;0.00246002
366;426;1031;0.00492005
366;426;1031;462;0.00307503
366;462;0.00861009
366;661;0.00307503
366;661;661;0.00184502
366;661;661;913;0.00184502
366;661;913;0.00307503
366;799;0.00184502
366;826;0.00184502
366;901;0.00184502
366;913;0.00307503
366;1031;0.00492005
366;1031;462;0.00307503
369;0.0123001
369;21;0.00246002
369;370;0.00246002
369;381;0.00307503
369;400;0.00307503
369;400;21;0.00246002
370;0.00369004
373;0.00184502
373;374;0.00184502
374;0.00246002
375;0.00861009
375;32;0.00184502
375;32;375;0.00184502
375;375;0.00307503
376;0.00184502
378;0.00246002
381;0.00676507
381;293;0.00246002
382;0.00184502
383;0.00184502
386;0.00184502
390;0.00184502
393;0.0215252
393;394;0.00184502
393;394;395;0.00184502
393;394;396;0.00184502
393;394;396;397;0.00184502
393;394;396;397;398;0.00184502
393;394;396;398;0.00184502
393;394;397;0.00184502
393;394;397;398;0.00184502
393;394;398;0.00184502
393;395;0.00184502
393;396;0.00184502
393;396;397;0.00184502
393;396;397;398;0.00184502
393;396;398;0.00184502
393;397;0.00184502
393;397;398;0.00184502
393;398;0.00184502
394;0.00184502
394;395;0.00184502
394;396;0.00184502
394;396;397;0.00184502
394;396;397;398;0.00184502
394;396;398;0.00184502
394;397;0.00184502
394;397;398;0.00184502
394;398;0.00184502
395;0.00184502
396;0.00369004
396;397;0.00184502
396;397;398;0.00184502
396;398;0.00184502
397;0.00184502
397;398;0.00184502
398;0.00184502
400;0.00430504
400;21;0.00246002
403;0.00492005
405;0.00615006
406;0.00369004
408;0.0172202
408;366;0.00184502
408;366;426;0.00184502
408;366;426;462;0.00184502
408;366;462;0.00184502
408;408;0.00246002
408;426;0.00184502
408;426;462;0.00184502
408;462;0.00246002
414;0.00184502
419;0.00307503
419;420;0.00184502
420;0.00246002
421;0.00246002
422;0.00246002
424;0.00184502
425;0.00184502
426;0.0264453
426;93;0.00430504
426;93;462;0.00246002
426;93;826;0.00184502
426;124;0.00307503
426;159;0.00369004
426;159;462;0.00307503
426;160;0.00615006
426;160;93;0.00430504
426;160;93;462;0.00246002
426;160;93;826;0.00184502
426;160;462;0.00246002
426;160;826;0.00184502
426;360;0.00184502
426;360;901;0.00184502
426;426;0.00307503
426;462;0.0123001
426;462;462;0.00184502
426;462;799;0.00184502
426;574;0.00184502
426;574;462;0.00184502
426;661;0.00246002
426;661;913;0.00246002
426;799;0.00184502
426;826;0.00184502
426;862;0.00184502
426;901;0.00307503
426;913;0.00246002
426;1031;0.00492005
426;1031;462;0.00307503
427;0.00307503
438;0.00184502
444;0.00184502
447;0.00184502
450;0.00184502
450;427;0.00184502
457;0.00246002
457;458;0.00246002
457;458;559;0.00184502
457;559;0.00184502
458;0.00307503
458;559;0.00184502
462;0.0701107
462;462;0.00615006
462;799;0.00553506
462;901;0.00184502
467;0.00184502
478;0.00184502
479;0.00246002
479;181;0.00246002
479;479;0.00184502
482;0.00184502
484;0.0104551
484;901;0.00861009
485;0.0209102
485;93;0.00369004
485;93;462;0.00184502
485;93;826;0.00184502
485;160;0.00492005
485;160;93;0.00369004
485;160;93;462;0.00184502
485;160;93;826;0.00184502
485;160;462;0.00184502
485;160;826;0.00184502
485;366;0.00553506
485;366;93;0.00369004
485;366;93;462;0.00184502
485;366;93;826;0.00184502
485;366;160;0.00492005
485;366;160;93;0.00369004
485;366;160;93;462;0.00184502
485;366;160;93;826;0.00184502
485;366;160;462;0.00184502
485;366;160;826;0.00184502
485;366;426;0.00492005
485;366;426;93;0.00369004
485;366;426;93;462;0.00184502
485;366;426;93;826;0.00184502
485;366;426;160;0.00492005
485;366;426;160;93;0.00369004
485;366;426;160;93;462;0.00184502
485;366;426;160;93;826;0.00184502
485;366;426;160;462;0.00184502
485;366;426;160;826;0.00184502
485;366;426;462;0.00184502
485;366;426;826;0.00184502
485;366;462;0.00184502
485;366;826;0.00184502
485;426;0.00492005
485;426;93;0.00369004
485;426;93;462;0.00184502
485;426;93;826;0.00184502
485;426;160;0.00492005
485;426;160;93;0.00369004
485;426;160;93;462;0.00184502
485;426;160;93;826;0.00184502
485;426;160;462;0.00184502
485;426;160;826;0.00184502
485;426;462;0.00184502
485;426;826;0.00184502
485;462;0.00184502
485;486;0.0135301
485;486;93;0.00369004
485;486;93;462;0.00184502
485;486;93;826;0.00184502
485;486;160;0.00492005
485;486;160;93;0.00369004
485;486;160;93;462;0.00184502
485;486;160;93;826;0.00184502
485;486;160;462;0.00184502
485;486;160;826;0.00184502
485;486;366;0.00553506
485;486;366;93;0.00369004
485;486;366;93;462;0.00184502
485;486;366;93;826;0.00184502
485;486;366;160;0.00492005
485;486;366;160;93;0.00369004
485;486;366;160;93;462;0.00184502
485;486;366;160;93;826;0.00184502
485;486;366;160;462;0.00184502
485;486;366;160;826;0.00184502
485;486;366;426;0.00492005
485;486;366;426;93;0.00369004
485;486;366;426;93;462;0.00184502
485;486;366;426;93;826;0.00184502
485;486;366;426;160;0.00492005
485;486;366;426;160;93;0.00369004
485;486;366;426;160;93;462;0.00184502
485;486;366;426;160;93;826;0.00184502
485;486;366;426;160;462;0.00184502
485;486;366;426;160;826;0.00184502
485;486;366;426;462;0.00184502
485;486;366;426;826;0.00184502
485;486;366;462;0.00184502
485;486;366;826;0.00184502
485;486;426;0.00492005
485;486;426;93;0.00369004
485;486;426;93;462;0.00184502
485;486;426;93;826;0.00184502
485;486;426;160;0.00492005
485;486;426;160;93;0.00369004
485;486;426;160;93;462;0.00184502
485;486;426;160;93;826;0.00184502
485;486;426;160;462;0.00184502
485;486;426;160;826;0.00184502
485;486;426;462;0.00184502
485;486;426;826;0.00184502
485;486;462;0.00184502
485;486;799;0.00799508
485;486;799;93;0.00184502
485;486;799;93;462;0.00184502
485;486;799;160;0.00307503
485;486;799;160;93;0.00184502
485;486;799;160;93;462;0.00184502
485;486;799;160;462;0.00184502
485;486;799;366;0.00307503
485;486;799;366;93;0.00184502
485;486;799;366;93;462;0.00184502
485;486;799;366;160;0.00307503
485;486;799;366;160;93;0.00184502
485;486;799;366;160;93;462;0.00184502
485;486;799;366;160;462;0.00184502
485;486;799;366;426;0.00307503
485;486;799;366;426;93;0.00184502
485;486;799;366;426;93;462;0.00184502
485;486;799;366;426;160;0.00307503
485;486;799;366;426;160;93;0.00184502
485;486;799;366;426;160;93;462;0.00184502
485;486;799;366;426;160;462;0.00184502
485;486;799;366;426;462;0.00184502
485;486;799;366;462;0.00184502
485;486;799;426;0.00307503
485;486;799;426;93;0.00184502
485;486;799;426;93;462;0.00184502
485;486;799;426;160;0.00307503
485;486;799;426;160;93;0.00184502
485;486;799;426;160;93;462;0.00184502
485;486;799;426;160;462;0.00184502
485;486;799;426;462;0.00184502
485;486;799;462;0.00184502
485;486;824;0.00246002
485;486;824;93;0.00184502
485;486;824;93;826;0.00184502
485;486;824;160;0.00184502
485;486;824;160;93;0.00184502
485;486;824;160;93;826;0.00184502
485;486;824;160;826;0.00184502
485;486;824;366;0.00246002
485;486;824;366;93;0.00184502
485;486;824;366;93;826;0.00184502
485;486;824;366;160;0.00184502
485;486;824;366;160;93;0.00184502
485;486;824;366;160;93;826;0.00184502
485;486;824;366;160;826;0.00184502
485;486;824;366;426;0.00184502
485;486;824;366;426;93;0.00184502
485;486;824;366;426;93;826;0.00184502
485;486;824;366;426;160;0.00184502
485;486;824;366;426;160;93;0.00184502
485;486;824;366;426;160;93;826;0.00184502
485;486;824;366;426;160;826;0.00184502
485;486;824;366;426;826;0.00184502
485;486;824;366;826;0.00184502
485;486;824;426;0.00184502
485;486;824;426;93;0.00184502
485;486;824;426;93;826;0.00184502
485;486;824;426;160;0.00184502
485;486;824;426;160;93;0.00184502
485;486;824;426;160;93;826;0.00184502
485;486;824;426;160;826;0.00184502
485;486;824;426;826;0.00184502
485;486;824;826;0.00184502
485;486;826;0.00184502
485;486;905;0.00246002
485;486;905;906;0.00246002
485;486;906;0.00246002
485;799;0.0153752
485;799;93;0.00184502
485;799;93;462;0.00184502
485;799;160;0.00307503
485;799;160;93;0.00184502
485;799;160;93;462;0.00184502
485;799;160;462;0.00184502
485;799;366;0.00307503
485;799;366;93;0.00184502
485;799;366;93;462;0.00184502
485;799;366;160;0.00307503
485;799;366;160;93;0.00184502
485;799;366;160;93;462;0.00184502
485;799;366;160;462;0.00184502
485;799;366;426;0.00307503
485;799;366;426;93;0.00184502
485;799;366;426;93;462;0.00184502
485;799;366;426;160;0.00307503
485;799;366;426;160;93;0.00184502
485;799;366;426;160;93;462;0.00184502
485;799;366;426;160;462;0.00184502
485;799;366;426;462;0.00184502
485;799;366;462;0.00184502
485;799;426;0.00307503
485;799;426;93;0.00184502
485;799;426;93;462;0.00184502
485;799;426;160;0.00307503
485;799;426;160;93;0.00184502
485;799;426;160;93;462;0.00184502
485;799;426;160;462;0.00184502
485;799;426;462;0.00184502
485;799;462;0.00184502
485;799;486;0.00799508
485;799;486;93;0.00184502
485;799;486;93;462;0.00184502
485;799;486;160;0.00307503
485;799;486;160;93;0.00184502
485;799;486;160;93;462;0.00184502
485;799;486;160;462;0.00184502
485;799;486;366;0.00307503
485;799;486;366;93;0.00184502
485;799;486;366;93;462;0.00184502
485;799;486;366;160;0.00307503
485;799;486;366;160;93;0.00184502
485;799;486;366;160;93;462;0.00184502
485;799;486;366;160;462;0.00184502
485;799;486;366;426;0.00307503
485;799;486;366;426;93;0.00184502
485;799;486;366;426;93;462;0.00184502
485;799;486;366;426;160;0.00307503
485;799;486;366;426;160;93;0.00184502
485;799;486;366;426;160;93;462;0.00184502
485;799;486;366;426;160;462;0.00184502
485;799;486;366;426;462;0.00184502
485;799;486;366;462;0.00184502
485;799;486;426;0.00307503
485;799;486;426;93;0.00184502
485;799;486;426;93;462;0.00184502
485;799;486;426;160;0.00307503
485;799;486;426;160;93;0.00184502
485;799;486;426;160;93;462;0.00184502
485;799;486;426;160;462;0.00184502
485;799;486;426;462;0.00184502
485;799;486;462;0.00184502
485;799;486;799;0.00799508
485;799;486;799;93;0.00184502
485;799;486;799;93;462;0.00184502
485;799;486;799;160;0.00307503
485;799;486;799;160;93;0.00184502
485;799;486;799;160;93;462;0.00184502
485;799;486;799;160;462;0.00184502
485;799;486;799;366;0.00307503
485;799;486;799;366;93;0.00184502
485;799;486;799;366;93;462;0.00184502
485;799;486;799;366;160;0.00307503
485;799;486;799;366;160;93;0.00184502
485;799;486;799;366;160;93;462;0.00184502
485;799;486;799;366;160;462;0.00184502
485;799;486;799;366;426;0.00307503
485;799;486;799;366;426;93;0.00184502
485;799;486;799;366;426;93;462;0.00184502
485;799;486;799;366;426;160;0.00307503
485;799;486;799;366;426;160;93;0.00184502
485;799;486;799;366;426;160;93;462;0.00184502
485;799;486;799;366;426;160;462;0.00184502
485;799;486;799;366;426;462;0.00184502
485;799;486;799;366;462;0.00184502
485;799;486;799;426;0.00307503
485;799;486;799;426;93;0.00184502
485;799;486;799;426;93;462;0.00184502
485;799;486;799;426;160;0.00307503
485;799;486;799;426;160;93;0.00184502
485;799;486;799;426;160;93;462;0.00184502
485;799;486;799;426;160;462;0.00184502
485;799;486;799;426;462;0.00184502
485;799;486;799;462;0.00184502
485;799;799;0.00861009
485;799;799;93;0.00184502
485;799;799;93;462;0.00184502
485;799;799;160;0.00307503
485;799;799;160;93;0.00184502
485;799;799;160;93;462;0.00184502
485;799;799;160;462;0.00184502
485;799;799;366;0.00307503
485;799;799;366;93;0.00184502
485;799;799;366;93;462;0.00184502
485;799;799;366;160;0.00307503
485;799;799;366;160;93;0.00184502
485;799;799;366;160;93;462;0.00184502
485;799;799;366;160;462;0.00184502
485;799;799;366;426;0.00307503
485;799;799;366;426;93;0.00184502
485;799;799;366;426;93;462;0.00184502
485;799;799;366;426;160;0.00307503
485;799;799;366;426;160;93;0.00184502
485;799;799;366;426;160;93;462;0.00184502
485;799;799;366;426;160;462;0.00184502
485;799;799;366;426;462;0.00184502
485;799;799;366;462;0.00184502
485;799;799;426;0.00307503
485;799;799;426;93;0.00184502
485;799;799;426;93;462;0.00184502
485;799;799;426;160;0.00307503
485;799;799;426;160;93;0.00184502
485;799;799;426;160;93;462;0.00184502
485;799;799;426;160;462;0.00184502
485;799;799;426;462;0.00184502
485;799;799;462;0.00184502
485;799;901;0.00184502
485;824;0.00246002
485;824;93;0.00184502
485;824;93;826;0.00184502
485;824;160;0.00184502
485;824;160;93;0.00184502
485;824;160;93;826;0.00184502
485;824;160;826;0.00184502
485;824;366;0.00246002
485;824;366;93;0.00184502
485;824;366;93;826;0.00184502
485;824;366;160;0.00184502
485;824;366;160;93;0.00184502
485;824;366;160;93;826;0.00184502
485;824;366;160;826;0.00184502
485;824;366;426;0.00184502
485;824;366;426;93;0.00184502
485;824;366;426;93;826;0.00184502
485;824;366;426;160;0.00184502
485;824;366;426;160;93;0.00184502
485;824;366;426;160;93;826;0.00184502
485;824;366;426;160;826;0.00184502
485;824;366;426;826;0.00184502
485;824;366;826;0.00184502
485;824;426;0.00184502
485;824;426;93;0.00184502
485;824;426;93;826;0.00184502
485;824;426;160;0.00184502
485;824;426;160;93;0.00184502
485;824;426;160;93;826;0.00184502
485;824;426;160;826;0.00184502
485;824;426;826;0.00184502
485;824;486;0.00246002
485;824;486;93;0.00184502
485;824;486;93;826;0.00184502
485;824;486;160;0.00184502
485;824;486;160;93;0.00184502
485;824;486;160;93;826;0.00184502
485;824;486;160;826;0.00184502
485;824;486;366;0.00246002
485;824;486;366;93;0.00184502
485;824;486;366;93;826;0.00184502
485;824;486;366;160;0.00184502
485;824;486;366;160;93;0.00184502
485;824;486;366;160;93;826;0.00184502
485;824;486;366;160;826;0.00184502
485;824;486;366;426;0.00184502
485;824;486;366;426;93;0.00184502
485;824;486;366;426;93;826;0.00184502
485;824;486;366;426;160;0.00184502
485;824;486;366;426;160;93;0.00184502
485;824;486;366;426;160;93;826;0.00184502
485;824;486;366;426;160;826;0.00184502
485;824;486;366;426;826;0.00184502
485;824;486;366;826;0.00184502
485;824;486;426;0.00184502
485;824;486;426;93;0.00184502
485;824;486;426;93;826;0.00184502
485;824;486;426;160;0.00184502
485;824;486;426;160;93;0.00184502
485;824;486;426;160;93;826;0.00184502
485;824;486;426;160;826;0.00184502
485;824;486;426;826;0.00184502
485;824;486;824;0.00246002
485;824;486;824;93;0.00184502
485;824;486;824;93;826;0.00184502
485;824;486;824;160;0.00184502
485;824;486;824;160;93;0.00184502
485;824;486;824;160;93;826;0.00184502
485;824;486;824;160;826;0.00184502
485;824;486;824;366;0.00246002
485;824;486;824;366;93;0.00184502
485;824;486;824;366;93;826;0.00184502
485;824;486;824;366;160;0.00184502
485;824;486;824;366;160;93;0.00184502
485;824;486;824;366;160;93;826;0.00184502
485;824;486;824;366;160;826;0.00184502
485;824;486;824;366;426;0.00184502
485;824;486;824;366;426;93;0.00184502
485;824;486;824;366;426;93;826;0.00184502
485;824;486;824;366;426;160;0.00184502
485;824;486;824;366;426;160;93;0.00184502
485;824;486;824;366;426;160;93;826;0.00184502
485;824;486;824;366;426;160;826;0.00184502
485;824;486;824;366;426;826;0.00184502
485;824;486;824;366;826;0.00184502
485;824;486;824;426;0.00184502
485;824;486;824;426;93;0.00184502
485;824;486;824;426;93;826;0.00184502
485;824;486;824;426;160;0.00184502
485;824;486;824;426;160;93;0.00184502
485;824;486;824;426;160;93;826;0.00184502
485;824;486;824;426;160;826;0.00184502
485;824;486;824;426;826;0.00184502
485;824;486;824;826;0.00184502
485;824;486;826;0.00184502
485;824;824;0.00246002
485;824;824;93;0.00184502
485;824;824;93;826;0.00184502
485;824;824;160;0.00184502
485;824;824;160;93;0.00184502
485;824;824;160;93;826;0.00184502
485;824;824;160;826;0.00184502
485;824;824;366;0.00246002
485;824;824;366;93;0.00184502
485;824;824;366;93;826;0.00184502
485;824;824;366;160;0.00184502
485;824;824;366;160;93;0.00184502
485;824;824;366;160;93;826;0.00184502
485;824;824;366;160;826;0.00184502
485;824;824;366;426;0.00184502
485;824;824;366;426;93;0.00184502
485;824;824;366;426;93;826;0.00184502
485;824;824;366;426;160;0.00184502
485;824;824;366;426;160;93;0.00184502
485;824;824;366;426;160;93;826;0.00184502
485;824;824;366;426;160;826;0.00184502
485;824;824;366;426;826;0.00184502
485;824;824;366;826;0.00184502
485;824;824;426;0.00184502
485;824;824;426;93;0.00184502
485;824;824;426;93;826;0.00184502
485;824;824;426;160;0.00184502
485;824;824;426;160;93;0.00184502
485;824;824;426;160;93;826;0.00184502
485;824;824;426;160;826;0.00184502
485;824;824;426;826;0.00184502
485;824;824;826;0.00184502
485;824;826;0.00184502
485;826;0.00184502
485;901;0.00184502
485;905;0.00246002
485;905;486;0.00246002
485;905;486;905;0.00246002
485;905;486;905;906;0.00246002
485;905;486;906;0.00246002
485;905;905;0.00246002
485;905;905;906;0.00246002
485;905;906;0.00246002
485;905;906;486;0.00246002
485;905;906;486;905;0.00246002
485;905;906;486;905;906;0.00246002
485;905;906;486;906;0.00246002
485;905;906;905;0.00246002
485;905;906;905;906;0.00246002
485;905;906;906;0.00246002
485;906;0.00246002
485;906;486;0.00246002
485;906;486;905;0.00246002
485;906;486;905;906;0.00246002
485;906;486;906;0.00246002
485;906;905;0.00246002
485;906;905;906;0.00246002
485;906;906;0.00246002
485;943;0.00184502
486;0.0307503
486;93;0.00369004
486;93;462;0.00184502
486;93;826;0.00184502
486;160;0.00492005
486;160;93;0.00369004
486;160;93;462;0.00184502
486;160;93;826;0.00184502
486;160;462;0.00184502
486;160;826;0.00184502
486;366;0.00861009
486;366;93;0.00369004
486;366;93;462;0.00184502
486;366;93;826;0.00184502
486;366;160;0.00492005
486;366;160;93;0.00369004
486;366;160;93;462;0.00184502
486;366;160;93;826;0.00184502
486;366;160;462;0.00184502
486;366;160;826;0.00184502
486;366;426;0.00799508
486;366;426;93;0.00369004
486;366;426;93;462;0.00184502
486;366;426;93;826;0.00184502
486;366;426;160;0.00492005
486;366;426;160;93;0.00369004
486;366;426;160;93;462;0.00184502
486;366;426;160;93;826;0.00184502
486;366;426;160;462;0.00184502
486;366;426;160;826;0.00184502
486;366;426;462;0.00307503
486;366;426;826;0.00184502
486;366;426;1031;0.00184502
486;366;462;0.00307503
486;366;661;0.00184502
486;366;661;913;0.00184502
486;366;826;0.00184502
486;366;913;0.00184502
486;366;1031;0.00184502
486;426;0.00799508
486;426;93;0.00369004
486;426;93;462;0.00184502
486;426;93;826;0.00184502
486;426;160;0.00492005
486;426;160;93;0.00369004
486;426;160;93;462;0.00184502
486;426;160;93;826;0.00184502
486;426;160;462;0.00184502
486;426;160;826;0.00184502
486;426;462;0.00307503
486;426;826;0.00184502
486;426;1031;0.00184502
486;462;0.00307503
486;661;0.00246002
486;661;913;0.00246002
486;799;0.0196802
486;799;93;0.00184502
486;799;93;462;0.00184502
486;799;160;0.00307503
486;799;160;93;0.00184502
486;799;160;93;462;0.00184502
486;799;160;462;0.00184502
486;799;366;0.00492005
486;799;366;93;0.00184502
486;799;366;93;462;0.00184502
486;799;366;160;0.00307503
486;799;366;160;93;0.00184502
486;799;366;160;93;462;0.00184502
486;799;366;160;462;0.00184502
486;799;366;426;0.00492005
486;799;366;426;93;0.00184502
486;799;366;426;93;462;0.00184502
486;799;366;426;160;0.00307503
486;799;366;426;160;93;0.00184502
486;799;366;426;160;93;462;0.00184502
486;799;366;426;160;462;0.00184502
486;799;366;426;462;0.00307503
486;799;366;462;0.00307503
486;799;426;0.00492005
486;799;426;93;0.00184502
486;799;426;93;462;0.00184502
486;799;426;160;0.00307503
486;799;426;160;93;0.00184502
486;799;426;160;93;462;0.00184502
486;799;426;160;462;0.00184502
486;799;426;462;0.00307503
486;799;462;0.00307503
486;799;661;0.00184502
486;799;661;913;0.00184502
486;799;799;0.00369004
486;799;913;0.00184502
486;799;943;0.00184502
486;799;943;799;0.00184502
486;824;0.00676507
486;824;93;0.00184502
486;824;93;826;0.00184502
486;824;160;0.00184502
486;824;160;93;0.00184502
486;824;160;93;826;0.00184502
486;824;160;826;0.00184502
486;824;366;0.00369004
486;824;366;93;0.00184502
486;824;366;93;826;0.00184502
486;824;366;160;0.00184502
486;824;366;160;93;0.00184502
486;824;366;160;93;826;0.00184502
486;824;366;160;826;0.00184502
486;824;366;426;0.00307503
486;824;366;426;93;0.00184502
486;824;366;426;93;826;0.00184502
486;824;366;426;160;0.00184502
486;824;366;426;160;93;0.00184502
486;824;366;426;160;93;826;0.00184502
486;824;366;426;160;826;0.00184502
486;824;366;426;826;0.00184502
486;824;366;826;0.00184502
486;824;426;0.00307503
486;824;426;93;0.00184502
486;824;426;93;826;0.00184502
486;824;426;160;0.00184502
486;824;426;160;93;0.00184502
486;824;426;160;93;826;0.00184502
486;824;426;160;826;0.00184502
486;824;426;826;0.00184502
486;824;826;0.00184502
486;826;0.00184502
486;905;0.00307503
486;905;906;0.00307503
486;906;0.00307503
486;913;0.00246002
486;943;0.00184502
486;943;799;0.00184502
486;1031;0.00184502
487;0.00369004
490;0.00307503
499;0.00184502
501;0.00246002
503;0.00246002
513;0.00307503
513;913;0.00184502
517;0.00246002
517;517;0.00184502
518;0.00430504
528;0.00184502
540;0.00307503
542;0.00184502
550;0.00369004
550;552;0.00184502
551;0.00430504
552;0.00307503
555;0.00184502
556;0.00184502
557;0.00246002
557;457;0.00184502
557;457;458;0.00184502
557;457;458;559;0.00184502
557;457;559;0.00184502
557;458;0.00246002
557;458;559;0.00184502
557;559;0.00184502
558;0.00307503
559;0.00184502
560;0.00246002
570;0.00184502
571;0.00184502
573;0.00184502
574;0.0129151
574;124;0.00184502
574;124;799;0.00184502
574;426;0.00307503
574;426;462;0.00307503
574;462;0.00615006
574;462;799;0.00184502
574;799;0.00492005
581;0.00307503
586;0.00307503
594;0.00184502
601;0.00246002
602;0.00184502
604;0.00246002
606;0.00184502
607;0.00184502
618;0.00184502
621;0.00307503
632;0.00615006
632;913;0.00553506
633;0.00184502
636;0.00184502
648;0.00184502
649;0.00184502
652;0.00307503
653;0.00184502
657;0.00553506
657;658;0.00553506
657;658;664;0.00184502
657;664;0.00184502
658;0.00553506
658;664;0.00184502
660;0.00246002
661;0.00738007
661;661;0.00430504
661;661;913;0.00430504
661;913;0.00676507
661;913;661;0.00369004
661;913;661;913;0.00369004
661;913;913;0.00369004
662;0.00184502
664;0.0184502
676;0.00184502
677;0.00246002
679;0.00430504
679;362;0.00246002
679;362;485;0.00246002
679;362;485;799;0.00246002
679;362;799;0.00246002
679;485;0.00246002
679;485;799;0.00246002
679;799;0.00246002
681;0.00246002
683;0.00307503
697;0.0362854
697;14;0.00307503
697;93;0.00369004
697;93;462;0.00184502
697;93;826;0.00184502
697;160;0.00553506
697;160;93;0.00369004
697;160;93;462;0.00184502
697;160;93;826;0.00184502
697;160;462;0.00184502
697;160;826;0.00184502
697;360;0.00492005
697;360;360;0.00307503
697;360;360;823;0.00307503
697;360;823;0.00307503
697;360;823;360;0.00307503
697;360;823;360;823;0.00307503
697;360;823;823;0.00307503
697;366;0.0098401
697;366;93;0.00369004
697;366;93;462;0.00184502
697;366;93;826;0.00184502
697;366;160;0.00553506
697;366;160;93;0.00369004
697;366;160;93;462;0.00184502
697;366;160;93;826;0.00184502
697;366;160;462;0.00184502
697;366;160;826;0.00184502
697;366;426;0.00861009
697;366;426;93;0.00369004
697;366;426;93;462;0.00184502
697;366;426;93;826;0.00184502
697;366;426;160;0.00553506
697;366;426;160;93;0.00369004
697;366;426;160;93;462;0.00184502
697;366;426;160;93;826;0.00184502
697;366;426;160;462;0.00184502
697;366;426;160;826;0.00184502
697;366;426;462;0.00246002
697;366;426;826;0.00184502
697;366;426;1031;0.00184502
697;366;462;0.00246002
697;366;661;0.00184502
697;366;661;913;0.00184502
697;366;826;0.00184502
697;366;913;0.00184502
697;366;1031;0.00184502
697;426;0.00861009
697;426;93;0.00369004
697;426;93;462;0.00184502
697;426;93;826;0.00184502
697;426;160;0.00553506
697;426;160;93;0.00369004
697;426;160;93;462;0.00184502
697;426;160;93;826;0.00184502
697;426;160;462;0.00184502
697;426;160;826;0.00184502
697;426;462;0.00246002
697;426;826;0.00184502
697;426;1031;0.00184502
697;462;0.00307503
697;484;0.00246002
697;484;901;0.00246002
697;485;0.00922509
697;485;93;0.00369004
697;485;93;462;0.00184502
697;485;93;826;0.00184502
697;485;160;0.00492005
697;485;160;93;0.00369004
697;485;160;93;462;0.00184502
697;485;160;93;826;0.00184502
697;485;160;462;0.00184502
697;485;160;826;0.00184502
697;485;366;0.00553506
697;485;366;93;0.00369004
697;485;366;93;462;0.00184502
697;485;366;93;826;0.00184502
697;485;366;160;0.00492005
697;485;366;160;93;0.00369004
697;485;366;160;93;462;0.00184502
697;485;366;160;93;826;0.00184502
697;485;366;160;462;0.00184502
697;485;366;160;826;0.00184502
697;485;366;426;0.00492005
697;485;366;426;93;0.00369004
697;485;366;426;93;462;0.00184502
697;485;366;426;93;826;0.00184502
697;485;366;426;160;0.00492005
697;485;366;426;160;93;0.00369004
697;485;366;426;160;93;462;0.00184502
697;485;366;426;160;93;826;0.00184502
697;485;366;426;160;462;0.00184502
697;485;366;426;160;826;0.00184502
697;485;366;426;462;0.00184502
697;485;366;426;826;0.00184502
697;485;366;462;0.00184502
697;485;366;826;0.00184502
697;485;426;0.00492005
697;485;426;93;0.00369004
697;485;426;93;462;0.00184502
697;485;426;93;826;0.00184502
697;485;426;160;0.00492005
697;485;426;160;93;0.00369004
697;485;426;160;93;462;0.00184502
697;485;426;160;93;826;0.00184502
697;485;426;160;462;0.00184502
697;485;426;160;826;0.00184502
697;485;426;462;0.00184502
697;485;426;826;0.00184502
697;485;462;0.00184502
697;485;486;0.00799508
697;485;486;93;0.00369004
697;485;486;93;462;0.00184502
697;485;486;93;826;0.00184502
697;485;486;160;0.00492005
697;485;486;160;93;0.00369004
697;485;486;160;93;462;0.00184502
697;485;486;160;93;826;0.00184502
697;485;486;160;462;0.00184502
697;485;486;160;826;0.00184502
697;485;486;366;0.00553506
697;485;486;366;93;0.00369004
697;485;486;366;93;462;0.00184502
697;485;486;366;93;826;0.00184502
697;485;486;366;160;0.00492005
697;485;486;366;160;93;0.00369004
697;485;486;366;160;93;462;0.00184502
697;485;486;366;160;93;826;0.00184502
697;485;486;366;160;462;0.00184502
697;485;486;366;160;826;0.00184502
697;485;486;366;426;0.00492005
697;485;486;366;426;93;0.00369004
697;485;486;366;426;93;462;0.00184502
697;485;486;366;426;93;826;0.00184502
697;485;486;366;426;160;0.00492005
697;485;486;366;426;160;93;0.00369004
697;485;486;366;426;160;93;462;0.00184502
697;485;486;366;426;160;93;826;0.00184502
697;485;486;366;426;160;462;0.00184502
697;485;486;366;426;160;826;0.00184502
697;485;486;366;426;462;0.00184502
697;485;486;366;426;826;0.00184502
697;485;486;366;462;0.00184502
697;485;486;366;826;0.00184502
697;485;486;426;0.00492005
697;485;486;426;93;0.00369004
697;485;486;426;93;462;0.00184502
697;485;486;426;93;826;0.00184502
697;485;486;426;160;0.00492005
697;485;486;426;160;93;0.00369004
697;485;486;426;160;93;462;0.00184502
697;485;486;426;160;93;826;0.00184502
697;485;486;426;160;462;0.00184502
697;485;486;426;160;826;0.00184502
697;485;486;426;462;0.00184502
697;485;486;426;826;0.00184502
697;485;486;462;0.00184502
697;485;486;799;0.00553506
697;485;486;799;93;0.00184502
697;485;486;799;93;462;0.00184502
697;485;486;799;160;0.00307503
697;485;486;799;160;93;0.00184502
697;485;486;799;160;93;462;0.00184502
697;485;486;799;160;462;0.00184502
697;485;486;799;366;0.00307503
697;485;486;799;366;93;0.00184502
697;485;486;799;366;93;462;0.00184502
697;485;486;799;366;160;0.00307503
697;485;486;799;366;160;93;0.00184502
697;485;486;799;366;160;93;462;0.00184502
697;485;486;799;366;160;462;0.00184502
697;485;486;799;366;426;0.00307503
697;485;486;799;366;426;93;0.00184502
697;485;486;799;366;426;93;462;0.00184502
697;485;486;799;366;426;160;0.00307503
697;485;486;799;366;426;160;93;0.00184502
697;485;486;799;366;426;160;93;462;0.00184502
697;485;486;799;366;426;160;462;0.00184502
697;485;486;799;366;426;462;0.00184502
697;485;486;799;366;462;0.00184502
697;485;486;799;426;0.00307503
697;485;486;799;426;93;0.00184502
697;485;486;799;426;93;462;0.00184502
697;485;486;799;426;160;0.00307503
697;485;486;799;426;160;93;0.00184502
697;485;486;799;426;160;93;462;0.00184502
697;485;486;799;426;160;462;0.00184502
697;485;486;799;426;462;0.00184502
697;485;486;799;462;0.00184502
697;485;486;824;0.00246002
697;485;486;824;93;0.00184502
697;485;486;824;93;826;0.00184502
697;485;486;824;160;0.00184502
697;485;486;824;160;93;0.00184502
697;485;486;824;160;93;826;0.00184502
697;485;486;824;160;826;0.00184502
697;485;486;824;366;0.00246002
697;485;486;824;366;93;0.00184502
697;485;486;824;366;93;826;0.00184502
697;485;486;824;366;160;0.00184502
697;485;486;824;366;160;93;0.00184502
697;485;486;824;366;160;93;826;0.00184502
697;485;486;824;366;160;826;0.00184502
697;485;486;824;366;426;0.00184502
697;485;486;824;366;426;93;0.00184502
697;485;486;824;366;426;93;826;0.00184502
697;485;486;824;366;426;160;0.00184502
697;485;486;824;366;426;160;93;0.00184502
697;485;486;824;366;426;160;93;826;0.00184502
697;485;486;824;366;426;160;826;0.00184502
697;485;486;824;366;426;826;0.00184502
697;485;486;824;366;826;0.00184502
697;485;486;824;426;0.00184502
697;485;486;824;426;93;0.00184502
697;485;486;824;426;93;826;0.00184502
697;485;486;824;426;160;0.00184502
697;485;486;824;426;160;93;0.00184502
697;485;486;824;426;160;93;826;0.00184502
697;485;486;824;426;160;826;0.00184502
697;485;486;824;426;826;0.00184502
697;485;486;824;826;0.00184502
697;485;486;826;0.00184502
697;485;799;0.00676507
697;485;799;93;0.00184502
697;485;799;93;462;0.00184502
697;485;799;160;0.00307503
697;485;799;160;93;0.00184502
697;485;799;160;93;462;0.00184502
697;485;799;160;462;0.00184502
697;485;799;366;0.00307503
697;485;799;366;93;0.00184502
697;485;799;366;93;462;0.00184502
697;485;799;366;160;0.00307503
697;485;799;366;160;93;0.00184502
697;485;799;366;160;93;462;0.00184502
697;485;799;366;160;462;0.00184502
697;485;799;366;426;0.00307503
697;485;799;366;426;93;0.00184502
697;485;799;366;426;93;462;0.00184502
697;485;799;366;426;160;0.00307503
697;485;799;366;426;160;93;0.00184502
697;485;799;366;426;160;93;462;0.00184502
697;485;799;366;426;160;462;0.00184502
697;485;799;366;426;462;0.00184502
697;485;799;366;462;0.00184502
697;485;799;426;0.00307503
697;485;799;426;93;0.00184502
697;485;799;426;93;462;0.00184502
697;485;799;426;160;0.00307503
697;485;799;426;160;93;0.00184502
697;485;799;426;160;93;462;0.00184502
697;485;799;426;160;462;0.00184502
697;485;799;426;462;0.00184502
697;485;799;462;0.00184502
697;485;799;486;0.00553506
697;485;799;486;93;0.00184502
697;485;799;486;93;462;0.00184502
697;485;799;486;160;0.00307503
697;485;799;486;160;93;0.00184502
697;485;799;486;160;93;462;0.00184502
697;485;799;486;160;462;0.00184502
697;485;799;486;366;0.00307503
697;485;799;486;366;93;0.00184502
697;485;799;486;366;93;462;0.00184502
697;485;799;486;366;160;0.00307503
697;485;799;486;366;160;93;0.00184502
697;485;799;486;366;160;93;462;0.00184502
697;485;799;486;366;160;462;0.00184502
697;485;799;486;366;426;0.00307503
697;485;799;486;366;426;93;0.00184502
697;485;799;486;366;426;93;462;0.00184502
697;485;799;486;366;426;160;0.00307503
697;485;799;486;366;426;160;93;0.00184502
697;485;799;486;366;426;160;93;462;0.00184502
697;485;799;486;366;426;160;462;0.00184502
697;485;799;486;366;426;462;0.00184502
697;485;799;486;366;462;0.00184502
697;485;799;486;426;0.00307503
697;485;799;486;426;93;0.00184502
697;485;799;486;426;93;462;0.00184502
697;485;799;486;426;160;0.00307503
697;485;799;486;426;160;93;0.00184502
697;485;799;486;426;160;93;462;0.00184502
697;485;799;486;426;160;462;0.00184502
697;485;799;486;426;462;0.00184502
697;485;799;486;462;0.00184502
697;485;799;486;799;0.00553506
697;485;799;486;799;93;0.00184502
697;485;799;486;799;93;462;0.00184502
697;485;799;486;799;160;0.00307503
697;485;799;486;799;160;93;0.00184502
697;485;799;486;799;160;93;462;0.00184502
697;485;799;486;799;160;462;0.00184502
697;485;799;486;799;366;0.00307503
697;485;799;486;799;366;93;0.00184502
697;485;799;486;799;366;93;462;0.00184502
697;485;799;486;799;366;160;0.00307503
697;485;799;486;799;366;160;93;0.00184502
697;485;799;486;799;366;160;93;462;0.00184502
697;485;799;486;799;366;160;462;0.00184502
697;485;799;486;799;366;426;0.00307503
697;485;799;486;799;366;426;93;0.00184502
697;485;799;486;799;366;426;93;462;0.00184502
697;485;799;486;799;366;426;160;0.00307503
697;485;799;486;799;366;426;160;93;0.00184502
697;485;799;486;799;366;426;160;93;462;0.00184502
697;485;799;486;799;366;426;160;462;0.00184502
697;485;799;486;799;366;426;462;0.00184502
697;485;799;486;799;366;462;0.00184502
697;485;799;486;799;426;0.00307503
697;485;799;486;799;426;93;0.00184502
697;485;799;486;799;426;93;462;0.00184502
697;485;799;486;799;426;160;0.00307503
697;485;799;486;799;426;160;93;0.00184502
697;485;799;486;799;426;160;93;462;0.00184502
697;485;799;486;799;426;160;462;0.00184502
697;485;799;486;799;426;462;0.00184502
697;485;799;486;799;462;0.00184502
697;485;799;799;0.00553506
697;485;799;799;93;0.00184502
697;485;799;799;93;462;0.00184502
697;485;799;799;160;0.00307503
697;485;799;799;160;93;0.00184502
697;485;799;799;160;93;462;0.00184502
697;485;799;799;160;462;0.00184502
697;485;799;799;366;0.00307503
697;485;799;799;366;93;0.00184502
697;485;799;799;366;93;462;0.00184502
697;485;799;799;366;160;0.00307503
697;485;799;799;366;160;93;0.00184502
697;485;799;799;366;160;93;462;0.00184502
697;485;799;799;366;160;462;0.00184502
697;485;799;799;366;426;0.00307503
697;485;799;799;366;426;93;0.00184502
697;485;799;799;366;426;93;462;0.00184502
697;485;799;799;366;426;160;0.00307503
697;485;799;799;366;426;160;93;0.00184502
697;485;799;799;366;426;160;93;462;0.00184502
697;485;799;799;366;426;160;462;0.00184502
697;485;799;799;366;426;462;0.00184502
697;485;799;799;366;462;0.00184502
697;485;799;799;426;0.00307503
697;485;799;799;426;93;0.00184502
697;485;799;799;426;93;462;0.00184502
697;485;799;799;426;160;0.00307503
697;485;799;799;426;160;93;0.00184502
697;485;799;799;426;160;93;462;0.00184502
697;485;799;799;426;160;462;0.00184502
697;485;799;799;426;462;0.00184502
697;485;799;799;462;0.00184502
697;485;824;0.00246002
697;485;824;93;0.00184502
697;485;824;93;826;0.00184502
697;485;824;160;0.00184502
697;485;824;160;93;0.00184502
697;485;824;160;93;826;0.00184502
697;485;824;160;826;0.00184502
697;485;824;366;0.00246002
697;485;824;366;93;0.00184502
697;485;824;366;93;826;0.00184502
697;485;824;366;160;0.00184502
697;485;824;366;160;93;0.00184502
697;485;824;366;160;93;826;0.00184502
697;485;824;366;160;826;0.00184502
697;485;824;366;426;0.00184502
697;485;824;366;426;93;0.00184502
697;485;824;366;426;93;826;0.00184502
697;485;824;366;426;160;0.00184502
697;485;824;366;426;160;93;0.00184502
697;485;824;366;426;160;93;826;0.00184502
697;485;824;366;426;160;826;0.00184502
697;485;824;366;426;826;0.00184502
697;485;824;366;826;0.00184502
697;485;824;426;0.00184502
697;485;824;426;93;0.00184502
697;485;824;426;93;826;0.00184502
697;485;824;426;160;0.00184502
697;485;824;426;160;93;0.00184502
697;485;824;426;160;93;826;0.00184502
697;485;824;426;160;826;0.00184502
697;485;824;426;826;0.00184502
697;485;824;486;0.00246002
697;485;824;486;93;0.00184502
697;485;824;486;93;826;0.00184502
697;485;824;486;160;0.00184502
697;485;824;486;160;93;0.00184502
697;485;824;486;160;93;826;0.00184502
697;485;824;486;160;826;0.00184502
697;485;824;486;366;0.00246002
697;485;824;486;366;93;0.00184502
697;485;824;486;366;93;826;0.00184502
697;485;824;486;366;160;0.00184502
697;485;824;486;366;160;93;0.00184502
697;485;824;486;366;160;93;826;0.00184502
697;485;824;486;366;160;826;0.00184502
697;485;824;486;366;426;0.00184502
697;485;824;486;366;426;93;0.00184502
697;485;824;486;366;426;93;826;0.00184502
697;485;824;486;366;426;160;0.00184502
697;485;824;486;366;426;160;93;0.00184502
697;485;824;486;366;426;160;93;826;0.00184502
697;485;824;486;366;426;160;826;0.00184502
697;485;824;486;366;426;826;0.00184502
697;485;824;486;366;826;0.00184502
697;485;824;486;426;0.00184502
697;485;824;486;426;93;0.00184502
697;485;824;486;426;93;826;0.00184502
697;485;824;486;426;160;0.00184502
697;485;824;486;426;160;93;0.00184502
697;485;824;486;426;160;93;826;0.00184502
697;485;824;486;426;160;826;0.00184502
697;485;824;486;426;826;0.00184502
697;485;824;486;824;0.00246002
697;485;824;486;824;93;0.00184502
697;485;824;486;824;93;826;0.00184502
697;485;824;486;824;160;0.00184502
697;485;824;486;824;160;93;0.00184502
697;485;824;486;824;160;93;826;0.00184502
697;485;824;486;824;160;826;0.00184502
697;485;824;486;824;366;0.00246002
697;485;824;486;824;366;93;0.00184502
697;485;824;486;824;366;93;826;0.00184502
697;485;824;486;824;366;160;0.00184502
697;485;824;486;824;366;160;93;0.00184502
697;485;824;486;824;366;160;93;826;0.00184502
697;485;824;486;824;366;160;826;0.00184502
697;485;824;486;824;366;426;0.00184502
697;485;824;486;824;366;426;93;0.00184502
697;485;824;486;824;366;426;93;826;0.00184502
697;485;824;486;824;366;426;160;0.00184502
697;485;824;486;824;366;426;160;93;0.00184502
697;485;824;486;824;366;426;160;93;826;0.00184502
697;485;824;486;824;366;426;160;826;0.00184502
697;485;824;486;824;366;426;826;0.00184502
697;485;824;486;824;366;826;0.00184502
697;485;824;486;824;426;0.00184502
697;485;824;486;824;426;93;0.00184502
697;485;824;486;824;426;93;826;0.00184502
697;485;824;486;824;426;160;0.00184502
697;485;824;486;824;426;160;93;0.00184502
697;485;824;486;824;426;160;93;826;0.00184502
697;485;824;486;824;426;160;826;0.00184502
697;485;824;486;824;426;826;0.00184502
697;485;824;486;824;826;0.00184502
697;485;824;486;826;0.00184502
697;485;824;824;0.00246002
697;485;824;824;93;0.00184502
697;485;824;824;93;826;0.00184502
697;485;824;824;160;0.00184502
697;485;824;824;160;93;0.00184502
697;485;824;824;160;93;826;0.00184502
697;485;824;824;160;826;0.00184502
697;485;824;824;366;0.00246002
697;485;824;824;366;93;0.00184502
697;485;824;824;366;93;826;0.00184502
697;485;824;824;366;160;0.00184502
697;485;824;824;366;160;93;0.00184502
697;485;824;824;366;160;93;826;0.00184502
697;485;824;824;366;160;826;0.00184502
697;485;824;824;366;426;0.00184502
697;485;824;824;366;426;93;0.00184502
697;485;824;824;366;426;93;826;0.00184502
697;485;824;824;366;426;160;0.00184502
697;485;824;824;366;426;160;93;0.00184502
697;485;824;824;366;426;160;93;826;0.00184502
697;485;824;824;366;426;160;826;0.00184502
697;485;824;824;366;426;826;0.00184502
697;485;824;824;366;826;0.00184502
697;485;824;824;426;0.00184502
697;485;824;824;426;93;0.00184502
697;485;824;824;426;93;826;0.00184502
697;485;824;824;426;160;0.00184502
697;485;824;824;426;160;93;0.00184502
697;485;824;824;426;160;93;826;0.00184502
697;485;824;824;426;160;826;0.00184502
697;485;824;824;426;826;0.00184502
697;485;824;824;826;0.00184502
697;485;824;826;0.00184502
697;485;826;0.00184502
697;486;0.0135301
697;486;93;0.00369004
697;486;93;462;0.00184502
697;486;93;826;0.00184502
697;486;160;0.00492005
697;486;160;93;0.00369004
697;486;160;93;462;0.00184502
697;486;160;93;826;0.00184502
697;486;160;462;0.00184502
697;486;160;826;0.00184502
697;486;366;0.00799508
697;486;366;93;0.00369004
697;486;366;93;462;0.00184502
697;486;366;93;826;0.00184502
697;486;366;160;0.00492005
697;486;366;160;93;0.00369004
697;486;366;160;93;462;0.00184502
697;486;366;160;93;826;0.00184502
697;486;366;160;462;0.00184502
697;486;366;160;826;0.00184502
697;486;366;426;0.00738007
697;486;366;426;93;0.00369004
697;486;366;426;93;462;0.00184502
697;486;366;426;93;826;0.00184502
697;486;366;426;160;0.00492005
697;486;366;426;160;93;0.00369004
697;486;366;426;160;93;462;0.00184502
697;486;366;426;160;93;826;0.00184502
697;486;366;426;160;462;0.00184502
697;486;366;426;160;826;0.00184502
697;486;366;426;462;0.00246002
697;486;366;426;826;0.00184502
697;486;366;462;0.00246002
697;486;366;661;0.00184502
697;486;366;661;913;0.00184502
697;486;366;826;0.00184502
697;486;366;913;0.00184502
697;486;426;0.00738007
697;486;426;93;0.00369004
697;486;426;93;462;0.00184502
697;486;426;93;826;0.00184502
697;486;426;160;0.00492005
697;486;426;160;93;0.00369004
697;486;426;160;93;462;0.00184502
697;486;426;160;93;826;0.00184502
697;486;426;160;462;0.00184502
697;486;426;160;826;0.00184502
697;486;426;462;0.00246002
697;486;426;826;0.00184502
697;486;462;0.00246002
697;486;661;0.00184502
697;486;661;913;0.00184502
697;486;799;0.00676507
697;486;799;93;0.00184502
697;486;799;93;462;0.00184502
697;486;799;160;0.00307503
697;486;799;160;93;0.00184502
697;486;799;160;93;462;0.00184502
697;486;799;160;462;0.00184502
697;486;799;366;0.00430504
697;486;799;366;93;0.00184502
697;486;799;366;93;462;0.00184502
697;486;799;366;160;0.00307503
697;486;799;366;160;93;0.00184502
697;486;799;366;160;93;462;0.00184502
697;486;799;366;160;462;0.00184502
697;486;799;366;426;0.00430504
697;486;799;366;426;93;0.00184502
697;486;799;366;426;93;462;0.00184502
697;486;799;366;426;160;0.00307503
697;486;799;366;426;160;93;0.00184502
697;486;799;366;426;160;93;462;0.00184502
697;486;799;366;426;160;462;0.00184502
697;486;799;366;426;462;0.00246002
697;486;799;366;462;0.00246002
697;486;799;426;0.00430504
697;486;799;426;93;0.00184502
697;486;799;426;93;462;0.00184502
697;486;799;426;160;0.00307503
697;486;799;426;160;93;0.00184502
697;486;799;426;160;93;462;0.00184502
697;486;799;426;160;462;0.00184502
697;486;799;426;462;0.00246002
697;486;799;462;0.00246002
697;486;824;0.00676507
697;486;824;93;0.00184502
697;486;824;93;826;0.00184502
697;486;824;160;0.00184502
697;486;824;160;93;0.00184502
697;486;824;160;93;826;0.00184502
697;486;824;160;826;0.00184502
697;486;824;366;0.00369004
697;486;824;366;93;0.00184502
697;486;824;366;93;826;0.00184502
697;486;824;366;160;0.00184502
697;486;824;366;160;93;0.00184502
697;486;824;366;160;93;826;0.00184502
697;486;824;366;160;826;0.00184502
697;486;824;366;426;0.00307503
697;486;824;366;426;93;0.00184502
697;486;824;366;426;93;826;0.00184502
697;486;824;366;426;160;0.00184502
697;486;824;366;426;160;93;0.00184502
697;486;824;366;426;160;93;826;0.00184502
697;486;824;366;426;160;826;0.00184502
697;486;824;366;426;826;0.00184502
697;486;824;366;826;0.00184502
697;486;824;426;0.00307503
697;486;824;426;93;0.00184502
697;486;824;426;93;826;0.00184502
697;486;824;426;160;0.00184502
697;486;824;426;160;93;0.00184502
697;486;824;426;160;93;826;0.00184502
697;486;824;426;160;826;0.00184502
697;486;824;426;826;0.00184502
697;486;824;826;0.00184502
697;486;826;0.00184502
697;486;913;0.00184502
697;661;0.00184502
697;661;913;0.00184502
697;799;0.00922509
697;799;93;0.00184502
697;799;93;462;0.00184502
697;799;160;0.00307503
697;799;160;93;0.00184502
697;799;160;93;462;0.00184502
697;799;160;462;0.00184502
697;799;366;0.00430504
697;799;366;93;0.00184502
697;799;366;93;462;0.00184502
697;799;366;160;0.00307503
697;799;366;160;93;0.00184502
697;799;366;160;93;462;0.00184502
697;799;366;160;462;0.00184502
697;799;366;426;0.00430504
697;799;366;426;93;0.00184502
697;799;366;426;93;462;0.00184502
697;799;366;426;160;0.00307503
697;799;366;426;160;93;0.00184502
697;799;366;426;160;93;462;0.00184502
697;799;366;426;160;462;0.00184502
697;799;366;426;462;0.00246002
697;799;366;462;0.00246002
697;799;426;0.00430504
697;799;426;93;0.00184502
697;799;426;93;462;0.00184502
697;799;426;160;0.00307503
697;799;426;160;93;0.00184502
697;799;426;160;93;462;0.00184502
697;799;426;160;462;0.00184502
697;799;426;462;0.00246002
697;799;462;0.00246002
697;799;486;0.00615006
697;799;486;93;0.00184502
697;799;486;93;462;0.00184502
697;799;486;160;0.00307503
697;799;486;160;93;0.00184502
697;799;486;160;93;462;0.00184502
697;799;486;160;462;0.00184502
697;799;486;366;0.00369004
697;799;486;366;93;0.00184502
697;799;486;366;93;462;0.00184502
697;799;486;366;160;0.00307503
697;799;486;366;160;93;0.00184502
697;799;486;366;160;93;462;0.00184502
697;799;486;366;160;462;0.00184502
697;799;486;366;426;0.00369004
697;799;486;366;426;93;0.00184502
697;799;486;366;426;93;462;0.00184502
697;799;486;366;426;160;0.00307503
697;799;486;366;426;160;93;0.00184502
697;799;486;366;426;160;93;462;0.00184502
697;799;486;366;426;160;462;0.00184502
697;799;486;366;426;462;0.00246002
697;799;486;366;462;0.00246002
697;799;486;426;0.00369004
697;799;486;426;93;0.00184502
697;799;486;426;93;462;0.00184502
697;799;486;426;160;0.00307503
697;799;486;426;160;93;0.00184502
697;799;486;426;160;93;462;0.00184502
697;799;486;426;160;462;0.00184502
697;799;486;426;462;0.00246002
697;799;486;462;0.00246002
697;799;486;799;0.00615006
697;799;486;799;93;0.00184502
697;799;486;799;93;462;0.00184502
697;799;486;799;160;0.00307503
697;799;486;799;160;93;0.00184502
697;799;486;799;160;93;462;0.00184502
697;799;486;799;160;462;0.00184502
697;799;486;799;366;0.00369004
697;799;486;799;366;93;0.00184502
697;799;486;799;366;93;462;0.00184502
697;799;486;799;366;160;0.00307503
697;799;486;799;366;160;93;0.00184502
697;799;486;799;366;160;93;462;0.00184502
697;799;486;799;366;160;462;0.00184502
697;799;486;799;366;426;0.00369004
697;799;486;799;366;426;93;0.00184502
697;799;486;799;366;426;93;462;0.00184502
697;799;486;799;366;426;160;0.00307503
697;799;486;799;366;426;160;93;0.00184502
697;799;486;799;366;426;160;93;462;0.00184502
697;799;486;799;366;426;160;462;0.00184502
697;799;486;799;366;426;462;0.00246002
697;799;486;799;366;462;0.00246002
697;799;486;799;426;0.00369004
697;799;486;799;426;93;0.00184502
697;799;486;799;426;93;462;0.00184502
697;799;486;799;426;160;0.00307503
697;799;486;799;426;160;93;0.00184502
697;799;486;799;426;160;93;462;0.00184502
697;799;486;799;426;160;462;0.00184502
697;799;486;799;426;462;0.00246002
697;799;486;799;462;0.00246002
697;799;799;0.00738007
697;799;799;93;0.00184502
697;799;799;93;462;0.00184502
697;799;799;160;0.00307503
697;799;799;160;93;0.00184502
697;799;799;160;93;462;0.00184502
697;799;799;160;462;0.00184502
697;799;799;366;0.00369004
697;799;799;366;93;0.00184502
697;799;799;366;93;462;0.00184502
697;799;799;366;160;0.00307503
697;799;799;366;160;93;0.00184502
697;799;799;366;160;93;462;0.00184502
697;799;799;366;160;462;0.00184502
697;799;799;366;426;0.00369004
697;799;799;366;426;93;0.00184502
697;799;799;366;426;93;462;0.00184502
697;799;799;366;426;160;0.00307503
697;799;799;366;426;160;93;0.00184502
697;799;799;366;426;160;93;462;0.00184502
697;799;799;366;426;160;462;0.00184502
697;799;799;366;426;462;0.00246002
697;799;799;366;462;0.00246002
697;799;799;426;0.00369004
697;799;799;426;93;0.00184502
697;799;799;426;93;462;0.00184502
697;799;799;426;160;0.00307503
697;799;799;426;160;93;0.00184502
697;799;799;426;160;93;462;0.00184502
697;799;799;426;160;462;0.00184502
697;799;799;426;462;0.00246002
697;799;799;462;0.00246002
697;823;0.00861009
697;823;360;0.00307503
697;823;360;823;0.00307503
697;823;486;0.00184502
697;823;486;824;0.00184502
697;823;823;0.00430504
697;823;824;0.00184502
697;824;0.00861009
697;824;93;0.00184502
697;824;93;826;0.00184502
697;824;160;0.00184502
697;824;160;93;0.00184502
697;824;160;93;826;0.00184502
697;824;160;826;0.00184502
697;824;366;0.00369004
697;824;366;93;0.00184502
697;824;366;93;826;0.00184502
697;824;366;160;0.00184502
697;824;366;160;93;0.00184502
697;824;366;160;93;826;0.00184502
697;824;366;160;826;0.00184502
697;824;366;426;0.00307503
697;824;366;426;93;0.00184502
697;824;366;426;93;826;0.00184502
697;824;366;426;160;0.00184502
697;824;366;426;160;93;0.00184502
697;824;366;426;160;93;826;0.00184502
697;824;366;426;160;826;0.00184502
697;824;366;426;826;0.00184502
697;824;366;826;0.00184502
697;824;426;0.00307503
697;824;426;93;0.00184502
697;824;426;93;826;0.00184502
697;824;426;160;0.00184502
697;824;426;160;93;0.00184502
697;824;426;160;93;826;0.00184502
697;824;426;160;826;0.00184502
697;824;426;826;0.00184502
697;824;486;0.00246002
697;824;486;93;0.00184502
697;824;486;93;826;0.00184502
697;824;486;160;0.00184502
697;824;486;160;93;0.00184502
697;824;486;160;93;826;0.00184502
697;824;486;160;826;0.00184502
697;824;486;366;0.00246002
697;824;486;366;93;0.00184502
697;824;486;366;93;826;0.00184502
697;824;486;366;160;0.00184502
697;824;486;366;160;93;0.00184502
697;824;486;366;160;93;826;0.00184502
697;824;486;366;160;826;0.00184502
697;824;486;366;426;0.00184502
697;824;486;366;426;93;0.00184502
697;824;486;366;426;93;826;0.00184502
697;824;486;366;426;160;0.00184502
697;824;486;366;426;160;93;0.00184502
697;824;486;366;426;160;93;826;0.00184502
697;824;486;366;426;160;826;0.00184502
697;824;486;366;426;826;0.00184502
697;824;486;366;826;0.00184502
697;824;486;426;0.00184502
697;824;486;426;93;0.00184502
697;824;486;426;93;826;0.00184502
697;824;486;426;160;0.00184502
697;824;486;426;160;93;0.00184502
697;824;486;426;160;93;826;0.00184502
697;824;486;426;160;826;0.00184502
697;824;486;426;826;0.00184502
697;824;486;824;0.00246002
697;824;486;824;93;0.00184502
697;824;486;824;93;826;0.00184502
697;824;486;824;160;0.00184502
697;824;486;824;160;93;0.00184502
697;824;486;824;160;93;826;0.00184502
697;824;486;824;160;826;0.00184502
697;824;486;824;366;0.00246002
697;824;486;824;366;93;0.00184502
697;824;486;824;366;93;826;0.00184502
697;824;486;824;366;160;0.00184502
697;824;486;824;366;160;93;0.00184502
697;824;486;824;366;160;93;826;0.00184502
697;824;486;824;366;160;826;0.00184502
697;824;486;824;366;426;0.00184502
697;824;486;824;366;426;93;0.00184502
697;824;486;824;366;426;93;826;0.00184502
697;824;486;824;366;426;160;0.00184502
697;824;486;824;366;426;160;93;0.00184502
697;824;486;824;366;426;160;93;826;0.00184502
697;824;486;824;366;426;160;826;0.00184502
697;824;486;824;366;426;826;0.00184502
697;824;486;824;366;826;0.00184502
697;824;486;824;426;0.00184502
697;824;486;824;426;93;0.00184502
697;824;486;824;426;93;826;0.00184502
697;824;486;824;426;160;0.00184502
697;824;486;824;426;160;93;0.00184502
697;824;486;824;426;160;93;826;0.00184502
697;824;486;824;426;160;826;0.00184502
697;824;486;824;426;826;0.00184502
697;824;486;824;826;0.00184502
697;824;486;826;0.00184502
697;824;824;0.00307503
697;824;824;93;0.00184502
697;824;824;93;826;0.00184502
697;824;824;160;0.00184502
697;824;824;160;93;0.00184502
697;824;824;160;93;826;0.00184502
697;824;824;160;826;0.00184502
697;824;824;366;0.00246002
697;824;824;366;93;0.00184502
697;824;824;366;93;826;0.00184502
697;824;824;366;160;0.00184502
697;824;824;366;160;93;0.00184502
697;824;824;366;160;93;826;0.00184502
697;824;824;366;160;826;0.00184502
697;824;824;366;426;0.00184502
697;824;824;366;426;93;0.00184502
697;824;824;366;426;93;826;0.00184502
697;824;824;366;426;160;0.00184502
697;824;824;366;426;160;93;0.00184502
697;824;824;366;426;160;93;826;0.00184502
697;824;824;366;426;160;826;0.00184502
697;824;824;366;426;826;0.00184502
697;824;824;366;826;0.00184502
697;824;824;426;0.00184502
697;824;824;426;93;0.00184502
697;824;824;426;93;826;0.00184502
697;824;824;426;160;0.00184502
697;824;824;426;160;93;0.00184502
697;824;824;426;160;93;826;0.00184502
697;824;824;426;160;826;0.00184502
697;824;824;426;826;0.00184502
697;824;824;826;0.00184502
697;824;826;0.00184502
697;826;0.00184502
697;857;0.00246002
697;862;0.00307503
697;901;0.00430504
697;913;0.00184502
697;1031;0.00184502
707;0.00430504
716;0.00184502
726;0.00246002
728;0.00246002
732;0.00184502
738;0.00246002
757;0.00184502
783;0.00184502
786;0.00369004
793;0.00184502
799;0.0645756
799;93;0.00184502
799;93;462;0.00184502
799;160;0.00307503
799;160;93;0.00184502
799;160;93;462;0.00184502
799;160;462;0.00184502
799;366;0.00492005
799;366;93;0.00184502
799;366;93;462;0.00184502
799;366;160;0.00307503
799;366;160;93;0.00184502
799;366;160;93;462;0.00184502
799;366;160;462;0.00184502
799;366;426;0.00492005
799;366;426;93;0.00184502
799;366;426;93;462;0.00184502
799;366;426;160;0.00307503
799;366;426;160;93;0.00184502
799;366;426;160;93;462;0.00184502
799;366;426;160;462;0.00184502
799;366;426;462;0.00307503
799;366;462;0.00307503
799;426;0.00492005
799;426;93;0.00184502
799;426;93;462;0.00184502
799;426;160;0.00307503
799;426;160;93;0.00184502
799;426;160;93;462;0.00184502
799;426;160;462;0.00184502
799;426;462;0.00307503
799;462;0.00430504
799;485;0.00246002
799;485;799;0.00246002
799;486;0.00861009
799;486;93;0.00184502
799;486;93;462;0.00184502
799;486;160;0.00307503
799;486;160;93;0.00184502
799;486;160;93;462;0.00184502
799;486;160;462;0.00184502
799;486;366;0.00369004
799;486;366;93;0.00184502
799;486;366;93;462;0.00184502
799;486;366;160;0.00307503
799;486;366;160;93;0.00184502
799;486;366;160;93;462;0.00184502
799;486;366;160;462;0.00184502
799;486;366;426;0.00369004
799;486;366;426;93;0.00184502
799;486;366;426;93;462;0.00184502
799;486;366;426;160;0.00307503
799;486;366;426;160;93;0.00184502
799;486;366;426;160;93;462;0.00184502
799;486;366;426;160;462;0.00184502
799;486;366;426;462;0.00246002
799;486;366;462;0.00246002
799;486;426;0.00369004
799;486;426;93;0.00184502
799;486;426;93;462;0.00184502
799;486;426;160;0.00307503
799;486;426;160;93;0.00184502
799;486;426;160;93;462;0.00184502
799;486;426;160;462;0.00184502
799;486;426;462;0.00246002
799;486;462;0.00246002
799;486;799;0.00861009
799;486;799;93;0.00184502
799;486;799;93;462;0.00184502
799;486;799;160;0.00307503
799;486;799;160;93;0.00184502
799;486;799;160;93;462;0.00184502
799;486;799;160;462;0.00184502
799;486;799;366;0.00369004
799;486;799;366;93;0.00184502
799;486;799;366;93;462;0.00184502
799;486;799;366;160;0.00307503
799;486;799;366;160;93;0.00184502
799;486;799;366;160;93;462;0.00184502
799;486;799;366;160;462;0.00184502
799;486;799;366;426;0.00369004
799;486;799;366;426;93;0.00184502
799;486;799;366;426;93;462;0.00184502
799;486;799;366;426;160;0.00307503
799;486;799;366;426;160;93;0.00184502
799;486;799;366;426;160;93;462;0.00184502
799;486;799;366;426;160;462;0.00184502
799;486;799;366;426;462;0.00246002
799;486;799;366;462;0.00246002
799;486;799;426;0.00369004
799;486;799;426;93;0.00184502
799;486;799;426;93;462;0.00184502
799;486;799;426;160;0.00307503
799;486;799;426;160;93;0.00184502
799;486;799;426;160;93;462;0.00184502
799;486;799;426;160;462;0.00184502
799;486;799;426;462;0.00246002
799;486;799;462;0.00246002
799;486;799;799;0.00184502
799;661;0.00184502
799;661;913;0.00184502
799;799;0.0147601
799;799;93;0.00184502
799;799;93;462;0.00184502
799;799;160;0.00307503
799;799;160;93;0.00184502
799;799;160;93;462;0.00184502
799;799;160;462;0.00184502
799;799;366;0.00369004
799;799;366;93;0.00184502
799;799;366;93;462;0.00184502
799;799;366;160;0.00307503
799;799;366;160;93;0.00184502
799;799;366;160;93;462;0.00184502
799;799;366;160;462;0.00184502
799;799;366;426;0.00369004
799;799;366;426;93;0.00184502
799;799;366;426;93;462;0.00184502
799;799;366;426;160;0.00307503
799;799;366;426;160;93;0.00184502
799;799;366;426;160;93;462;0.00184502
799;799;366;426;160;462;0.00184502
799;799;366;426;462;0.00246002
799;799;366;462;0.00246002
799;799;426;0.00369004
799;799;426;93;0.00184502
799;799;426;93;462;0.00184502
799;799;426;160;0.00307503
799;799;426;160;93;0.00184502
799;799;426;160;93;462;0.00184502
799;799;426;160;462;0.00184502
799;799;426;462;0.00246002
799;799;462;0.00307503
799;799;799;0.00369004
799;799;799;799;0.00184502
799;901;0.00246002
799;913;0.00184502
799;943;0.00184502
799;943;799;0.00184502
809;0.00246002
822;0.00307503
823;0.0319803
823;133;0.00430504
823;133;134;0.00369004
823;133;134;823;0.00369004
823;133;823;0.00430504
823;133;823;134;0.00369004
823;133;823;134;823;0.00369004
823;133;823;823;0.00430504
823;134;0.00369004
823;134;823;0.00369004
823;210;0.00184502
823;210;823;0.00184502
823;360;0.00307503
823;360;823;0.00307503
823;486;0.00184502
823;486;824;0.00184502
823;823;0.0135301
823;823;134;0.00369004
823;823;134;823;0.00369004
823;823;823;0.00492005
823;824;0.00369004
824;0.0246002
824;2;0.00184502
824;2;233;0.00184502
824;2;233;824;0.00184502
824;2;824;0.00184502
824;93;0.00184502
824;93;826;0.00184502
824;133;0.00307503
824;133;134;0.00246002
824;133;134;824;0.00246002
824;133;824;0.00307503
824;133;824;134;0.00246002
824;133;824;134;824;0.00246002
824;133;824;824;0.00246002
824;134;0.00369004
824;134;824;0.00369004
824;160;0.00184502
824;160;93;0.00184502
824;160;93;826;0.00184502
824;160;826;0.00184502
824;233;0.00184502
824;233;824;0.00184502
824;366;0.00369004
824;366;93;0.00184502
824;366;93;826;0.00184502
824;366;160;0.00184502
824;366;160;93;0.00184502
824;366;160;93;826;0.00184502
824;366;160;826;0.00184502
824;366;426;0.00307503
824;366;426;93;0.00184502
824;366;426;93;826;0.00184502
824;366;426;160;0.00184502
824;366;426;160;93;0.00184502
824;366;426;160;93;826;0.00184502
824;366;426;160;826;0.00184502
824;366;426;826;0.00184502
824;366;826;0.00184502
824;426;0.00307503
824;426;93;0.00184502
824;426;93;826;0.00184502
824;426;160;0.00184502
824;426;160;93;0.00184502
824;426;160;93;826;0.00184502
824;426;160;826;0.00184502
824;426;826;0.00184502
824;486;0.00246002
824;486;93;0.00184502
824;486;93;826;0.00184502
824;486;160;0.00184502
824;486;160;93;0.00184502
824;486;160;93;826;0.00184502
824;486;160;826;0.00184502
824;486;366;0.00246002
824;486;366;93;0.00184502
824;486;366;93;826;0.00184502
824;486;366;160;0.00184502
824;486;366;160;93;0.00184502
824;486;366;160;93;826;0.00184502
824;486;366;160;826;0.00184502
824;486;366;426;0.00184502
824;486;366;426;93;0.00184502
824;486;366;426;93;826;0.00184502
824;486;366;426;160;0.00184502
824;486;366;426;160;93;0.00184502
824;486;366;426;160;93;826;0.00184502
824;486;366;426;160;826;0.00184502
824;486;366;426;826;0.00184502
824;486;366;826;0.00184502
824;486;426;0.00184502
824;486;426;93;0.00184502
824;486;426;93;826;0.00184502
824;486;426;160;0.00184502
824;486;426;160;93;0.00184502
824;486;426;160;93;826;0.00184502
824;486;426;160;826;0.00184502
824;486;426;826;0.00184502
824;486;824;0.00246002
824;486;824;93;0.00184502
824;486;824;93;826;0.00184502
824;486;824;160;0.00184502
824;486;824;160;93;0.00184502
824;486;824;160;93;826;0.00184502
824;486;824;160;826;0.00184502
824;486;824;366;0.00246002
824;486;824;366;93;0.00184502
824;486;824;366;93;826;0.00184502
824;486;824;366;160;0.00184502
824;486;824;366;160;93;0.00184502
824;486;824;366;160;93;826;0.00184502
824;486;824;366;160;826;0.00184502
824;486;824;366;426;0.00184502
824;486;824;366;426;93;0.00184502
824;486;824;366;426;93;826;0.00184502
824;486;824;366;426;160;0.00184502
824;486;824;366;426;160;93;0.00184502
824;486;824;366;426;160;93;826;0.00184502
824;486;824;366;426;160;826;0.00184502
824;486;824;366;426;826;0.00184502
824;486;824;366;826;0.00184502
824;486;824;426;0.00184502
824;486;824;426;93;0.00184502
824;486;824;426;93;826;0.00184502
824;486;824;426;160;0.00184502
824;486;824;426;160;93;0.00184502
824;486;824;426;160;93;826;0.00184502
824;486;824;426;160;826;0.00184502
824;486;824;426;826;0.00184502
824;486;824;826;0.00184502
824;486;826;0.00184502
824;823;0.00184502
824;824;0.0104551
824;824;93;0.00184502
824;824;93;826;0.00184502
824;824;134;0.00246002
824;824;134;824;0.00246002
824;824;160;0.00184502
824;824;160;93;0.00184502
824;824;160;93;826;0.00184502
824;824;160;826;0.00184502
824;824;366;0.00246002
824;824;366;93;0.00184502
824;824;366;93;826;0.00184502
824;824;366;160;0.00184502
824;824;366;160;93;0.00184502
824;824;366;160;93;826;0.00184502
824;824;366;160;826;0.00184502
824;824;366;426;0.00184502
824;824;366;426;93;0.00184502
824;824;366;426;93;826;0.00184502
824;824;366;426;160;0.00184502
824;824;366;426;160;93;0.00184502
824;824;366;426;160;93;826;0.00184502
824;824;366;426;160;826;0.00184502
824;824;366;426;826;0.00184502
824;824;366;826;0.00184502
824;824;426;0.00184502
824;824;426;93;0.00184502
824;824;426;93;826;0.00184502
824;824;426;160;0.00184502
824;824;426;160;93;0.00184502
824;824;426;160;93;826;0.00184502
824;824;426;160;826;0.00184502
824;824;426;826;0.00184502
824;824;824;0.00307503
824;824;826;0.00184502
824;826;0.00246002
824;862;0.00184502
826;0.0153752
826;823;0.00184502
826;826;0.00184502
829;0.00184502
833;0.0202952
833;57;0.00246002
833;462;0.00615006
833;823;0.00184502
833;826;0.00615006
833;839;0.00246002
833;841;0.00246002
833;853;0.00369004
833;856;0.00246002
833;901;0.00184502
834;0.00246002
836;0.00492005
836;63;0.00184502
836;843;0.00184502
836;843;843;0.00184502
839;0.00307503
841;0.00369004
843;0.00430504
843;836;0.00246002
843;843;0.00184502
844;0.00369004
844;799;0.00184502
844;844;0.00307503
844;844;799;0.00184502
845;0.00184502
846;0.00184502
847;0.00246002
853;0.00553506
853;462;0.00184502
853;826;0.00184502
856;0.00492005
856;462;0.00184502
856;826;0.00184502
857;0.00553506
858;0.00369004
858;823;0.00184502
858;844;0.00246002
858;844;844;0.00246002
858;901;0.00184502
859;0.00184502
859;859;0.00184502
860;0.00246002
862;0.0295203
862;866;0.00246002
866;0.0239852
866;823;0.00184502
866;867;0.00246002
866;867;823;0.00184502
867;0.00246002
867;823;0.00184502
868;0.00307503
868;868;0.00184502
868;868;868;0.00184502
869;0.00246002
869;2;0.00246002
869;2;133;0.00246002
869;2;133;134;0.00246002
869;2;133;134;824;0.00246002
869;2;133;824;0.00246002
869;2;133;824;134;0.00246002
869;2;133;824;134;824;0.00246002
869;2;133;824;824;0.00246002
869;2;134;0.00246002
869;2;134;824;0.00246002
869;2;233;0.00246002
869;2;233;133;0.00246002
869;2;233;133;134;0.00246002
869;2;233;133;134;824;0.00246002
869;2;233;133;824;0.00246002
869;2;233;133;824;134;0.00246002
869;2;233;133;824;134;824;0.00246002
869;2;233;133;824;824;0.00246002
869;2;233;134;0.00246002
869;2;233;134;824;0.00246002
869;2;233;824;0.00246002
869;2;233;824;133;0.00246002
869;2;233;824;133;134;0.00246002
869;2;233;824;133;134;824;0.00246002
869;2;233;824;133;824;0.00246002
869;2;233;824;133;824;134;0.00246002
869;2;233;824;133;824;134;824;0.00246002
869;2;233;824;133;824;824;0.00246002
869;2;233;824;134;0.00246002
869;2;233;824;134;824;0.00246002
869;2;233;824;824;0.00246002
869;2;233;824;824;134;0.00246002
869;2;233;824;824;134;824;0.00246002
869;2;233;824;824;824;0.00246002
869;2;824;0.00246002
869;2;824;133;0.00246002
869;2;824;133;134;0.00246002
869;2;824;133;134;824;0.00246002
869;2;824;133;824;0.00246002
869;2;824;133;824;134;0.00246002
869;2;824;133;824;134;824;0.00246002
869;2;824;133;824;824;0.00246002
869;2;824;134;0.00246002
869;2;824;134;824;0.00246002
869;2;824;824;0.00246002
869;2;824;824;134;0.00246002
869;2;824;824;134;824;0.00246002
869;2;824;824;824;0.00246002
869;133;0.00246002
869;133;134;0.00246002
869;133;134;824;0.00246002
869;133;824;0.00246002
869;133;824;134;0.00246002
869;133;824;134;824;0.00246002
869;133;824;824;0.00246002
869;134;0.00246002
869;134;824;0.00246002
869;233;0.00246002
869;233;133;0.00246002
869;233;133;134;0.00246002
869;233;133;134;824;0.00246002
869;233;133;824;0.00246002
869;233;133;824;134;0.00246002
869;233;133;824;134;824;0.00246002
869;233;133;824;824;0.00246002
869;233;134;0.00246002
869;233;134;824;0.00246002
869;233;824;0.00246002
869;233;824;133;0.00246002
869;233;824;133;134;0.00246002
869;233;824;133;134;824;0.00246002
869;233;824;133;824;0.00246002
869;233;824;133;824;134;0.00246002
869;233;824;133;824;134;824;0.00246002
869;233;824;133;824;824;0.00246002
869;233;824;134;0.00246002
869;233;824;134;824;0.00246002
869;233;824;824;0.00246002
869;233;824;824;134;0.00246002
869;233;824;824;134;824;0.00246002
869;233;824;824;824;0.00246002
869;824;0.00246002
869;824;133;0.00246002
869;824;133;134;0.00246002
869;824;133;134;824;0.00246002
869;824;133;824;0.00246002
869;824;133;824;134;0.00246002
869;824;133;824;134;824;0.00246002
869;824;133;824;824;0.00246002
869;824;134;0.00246002
869;824;134;824;0.00246002
869;824;824;0.00246002
869;824;824;134;0.00246002
869;824;824;134;824;0.00246002
869;824;824;824;0.00246002
873;0.00184502
877;0.00861009
877;866;0.00492005
879;0.00246002
879;233;0.00246002
879;233;824;0.00184502
879;824;0.00184502
882;0.00246002
885;0.00369004
885;823;0.00184502
888;0.00307503
888;133;0.00246002
888;133;134;0.00184502
888;133;134;823;0.00184502
888;133;823;0.00184502
888;133;823;134;0.00184502
888;133;823;134;823;0.00184502
888;133;823;823;0.00184502
888;134;0.00184502
888;134;823;0.00184502
888;233;0.00184502
888;233;133;0.00184502
888;233;133;134;0.00184502
888;233;133;134;823;0.00184502
888;233;133;823;0.00184502
888;233;133;823;134;0.00184502
888;233;133;823;134;823;0.00184502
888;233;133;823;823;0.00184502
888;233;134;0.00184502
888;233;134;823;0.00184502
888;233;823;0.00184502
888;233;823;133;0.00184502
888;233;823;133;134;0.00184502
888;233;823;133;134;823;0.00184502
888;233;823;133;823;0.00184502
888;233;823;133;823;134;0.00184502
888;233;823;133;823;134;823;0.00184502
888;233;823;133;823;823;0.00184502
888;233;823;134;0.00184502
888;233;823;134;823;0.00184502
888;233;823;823;0.00184502
888;233;823;823;134;0.00184502
888;233;823;823;134;823;0.00184502
888;233;823;823;823;0.00184502
888;823;0.00246002
888;823;133;0.00184502
888;823;133;134;0.00184502
888;823;133;134;823;0.00184502
888;823;133;823;0.00184502
888;823;133;823;134;0.00184502
888;823;133;823;134;823;0.00184502
888;823;133;823;823;0.00184502
888;823;134;0.00184502
888;823;134;823;0.00184502
888;823;823;0.00184502
888;823;823;134;0.00184502
888;823;823;134;823;0.00184502
888;823;823;823;0.00184502
889;0.00307503
889;30;0.00184502
889;30;200;0.00184502
889;30;200;862;0.00184502
889;30;862;0.00184502
889;200;0.00246002
889;200;862;0.00246002
889;862;0.00246002
890;0.00307503
890;14;0.00307503
890;14;862;0.00307503
890;30;0.00246002
890;30;14;0.00246002
890;30;14;862;0.00246002
890;30;200;0.00246002
890;30;200;14;0.00246002
890;30;200;14;862;0.00246002
890;30;200;862;0.00246002
890;30;862;0.00246002
890;200;0.00307503
890;200;14;0.00307503
890;200;14;862;0.00307503
890;200;862;0.00307503
890;862;0.00307503
891;0.00184502
897;0.00184502
901;0.0350554
901;48;0.00184502
901;48;901;0.00184502
901;462;0.00184502
901;799;0.00369004
901;901;0.00553506
901;901;901;0.00184502
902;0.00738007
903;0.00307503
905;0.0178352
905;486;0.00246002
905;486;905;0.00246002
905;486;905;906;0.00246002
905;486;906;0.00246002
905;905;0.00369004
905;905;906;0.00307503
905;906;0.0129151
905;906;486;0.00246002
905;906;486;905;0.00246002
905;906;486;905;906;0.00246002
905;906;486;906;0.00246002
905;906;905;0.00246002
905;906;905;906;0.00246002
905;906;906;0.00246002
905;942;0.00246002
906;0.0147601
906;486;0.00246002
906;486;905;0.00246002
906;486;905;906;0.00246002
906;486;906;0.00246002
906;905;0.00246002
906;905;906;0.00246002
906;906;0.00246002
908;0.0252153
908;135;0.00615006
908;135;462;0.00615006
908;462;0.00738007
912;0.00922509
912;913;0.00799508
913;0.0221402
913;661;0.00369004
913;661;913;0.00369004
913;913;0.00430504
914;0.00246002
915;0.00861009
915;906;0.00184502
926;0.00307503
927;0.00246002
928;0.00246002
934;0.0418204
934;18;0.00307503
934;18;366;0.00184502
934;18;366;426;0.00184502
934;18;366;426;462;0.00184502
934;18;366;462;0.00184502
934;18;408;0.00307503
934;18;408;366;0.00184502
934;18;408;366;426;0.00184502
934;18;408;366;426;462;0.00184502
934;18;408;366;462;0.00184502
934;18;408;426;0.00184502
934;18;408;426;462;0.00184502
934;18;408;462;0.00246002
934;18;426;0.00184502
934;18;426;462;0.00184502
934;18;462;0.00246002
934;360;0.00184502
934;360;901;0.00184502
934;366;0.00553506
934;366;426;0.00492005
934;366;426;462;0.00492005
934;366;426;1031;0.00307503
934;366;426;1031;462;0.00307503
934;366;462;0.00492005
934;366;1031;0.00307503
934;366;1031;462;0.00307503
934;408;0.00369004
934;408;366;0.00184502
934;408;366;426;0.00184502
934;408;366;426;462;0.00184502
934;408;366;462;0.00184502
934;408;426;0.00184502
934;408;426;462;0.00184502
934;408;462;0.00246002
934;426;0.00492005
934;426;462;0.00492005
934;426;1031;0.00307503
934;426;1031;462;0.00307503
934;462;0.00738007
934;484;0.00492005
934;484;901;0.00430504
934;485;0.00615006
934;485;486;0.00369004
934;485;486;905;0.00246002
934;485;486;905;906;0.00246002
934;485;486;906;0.00246002
934;485;799;0.00369004
934;485;799;799;0.00184502
934;485;905;0.00246002
934;485;905;486;0.00246002
934;485;905;486;905;0.00246002
934;485;905;486;905;906;0.00246002
934;485;905;486;906;0.00246002
934;485;905;905;0.00246002
934;485;905;905;906;0.00246002
934;485;905;906;0.00246002
934;485;905;906;486;0.00246002
934;485;905;906;486;905;0.00246002
934;485;905;906;486;905;906;0.00246002
934;485;905;906;486;906;0.00246002
934;485;905;906;905;0.00246002
934;485;905;906;905;906;0.00246002
934;485;905;906;906;0.00246002
934;485;906;0.00246002
934;485;906;486;0.00246002
934;485;906;486;905;0.00246002
934;485;906;486;905;906;0.00246002
934;485;906;486;906;0.00246002
934;485;906;905;0.00246002
934;485;906;905;906;0.00246002
934;485;906;906;0.00246002
934;485;943;0.00184502
934;486;0.0135301
934;486;799;0.0104551
934;486;799;799;0.00184502
934;486;799;943;0.00184502
934;486;799;943;799;0.00184502
934;486;905;0.00307503
934;486;905;906;0.00307503
934;486;906;0.00307503
934;486;943;0.00184502
934;486;943;799;0.00184502
934;661;0.00184502
934;661;661;0.00184502
934;661;661;913;0.00184502
934;661;913;0.00184502
934;661;913;661;0.00184502
934;661;913;661;913;0.00184502
934;661;913;913;0.00184502
934;799;0.0178352
934;799;799;0.00369004
934;799;943;0.00184502
934;799;943;799;0.00184502
934;901;0.0110701
934;902;0.00184502
934;905;0.00307503
934;905;486;0.00246002
934;905;486;905;0.00246002
934;905;486;905;906;0.00246002
934;905;486;906;0.00246002
934;905;905;0.00246002
934;905;905;906;0.00246002
934;905;906;0.00307503
934;905;906;486;0.00246002
934;905;906;486;905;0.00246002
934;905;906;486;905;906;0.00246002
934;905;906;486;906;0.00246002
934;905;906;905;0.00246002
934;905;906;905;906;0.00246002
934;905;906;906;0.00246002
934;906;0.00307503
934;906;486;0.00246002
934;906;486;905;0.00246002
934;906;486;905;906;0.00246002
934;906;486;906;0.00246002
934;906;905;0.00246002
934;906;905;906;0.00246002
934;906;906;0.00246002
934;912;0.00369004
934;912;913;0.00369004
934;913;0.00553506
934;913;661;0.00184502
934;913;661;913;0.00184502
934;913;913;0.00184502
934;943;0.00369004
934;943;799;0.00246002
934;1031;0.00307503
934;1031;462;0.00307503
935;0.00307503
935;113;0.00246002
942;0.00369004
943;0.00430504
943;799;0.00307503
944;0.00184502
950;0.0418204
950;311;0.00184502
950;358;0.00246002
950;358;952;0.00246002
950;664;0.0153752
950;951;0.0184502
950;951;952;0.0184502
950;952;0.0246002
950;952;311;0.00184502
950;952;952;0.00246002
950;952;956;0.00246002
950;952;956;952;0.00246002
950;956;0.00492005
950;956;952;0.00492005
950;956;952;952;0.00246002
950;956;952;956;0.00246002
950;956;952;956;952;0.00246002
950;956;956;0.00307503
950;956;956;952;0.00307503
950;974;0.0153752
950;974;664;0.0153752
951;0.0184502
951;952;0.0184502
952;0.0246002
952;311;0.00184502
952;952;0.00246002
952;956;0.00246002
952;956;952;0.00246002
953;0.00246002
953;799;0.00184502
955;0.00184502
956;0.00492005
956;952;0.00492005
956;952;952;0.00246002
956;952;956;0.00246002
956;952;956;952;0.00246002
956;956;0.00307503
956;956;952;0.00307503
957;0.00430504
957;124;0.00184502
957;124;799;0.00184502
957;426;0.00369004
957;426;462;0.00369004
957;462;0.00369004
957;574;0.00430504
957;574;124;0.00184502
957;574;124;799;0.00184502
957;574;426;0.00307503
957;574;426;462;0.00307503
957;574;462;0.00369004
957;574;799;0.00184502
957;799;0.00184502
959;0.00799508
972;0.00246002
972;632;0.00184502
972;632;913;0.00184502
972;913;0.00246002
973;0.00307503
973;462;0.00307503
974;0.0159902
974;664;0.0159902
975;0.00369004
976;0.00492005
985;0.00184502
991;0.00184502
1010;0.00184502
1015;0.00246002
1031;0.00492005
1031;462;0.00307503
1032;0.00184502
1035;0.00184502
1038;0.00307503
1038;426;0.00184502
1039;0.00307503
1039;799;0.00184502
1048;0.00246002
1049;0.00246002
1049;362;0.00246002
1049;362;462;0.00184502
1049;462;0.00184502
1049;1050;0.00246002
1049;1050;362;0.00246002
1049;1050;362;462;0.00184502
1049;1050;462;0.00184502
1050;0.00430504
1050;362;0.00430504
1050;362;462;0.00369004
1050;462;0.00369004
1051;0.00184502
1051;362;0.00184502
1051;362;462;0.00184502
1051;462;0.00184502
1051;1050;0.00184502
1051;1050;362;0.00184502
1051;1050;362;462;0.00184502
1051;1050;462;0.00184502
1052;0.00184502
1053;0.00430504
1059;0.00184502
1064;0.00184502
1072;0.00184502
1073;0.00184502
1073;462;0.00184502
